source,indicator_code,series_name,category,reference_date,published_at,collected_at,value,unit,frequency,currency,market_scope,source_url,metadata
cbsl,eur_lkr_indicative,EUR/LKR Indicative Exchange Rate,exchange_rate,2026-03-16,,2026-03-30T21:41:55.540925+00:00,356.1851,LKR per EUR,business_daily,EUR,,https://www.cbsl.gov.lk/en/rates-and-indicators/exchange-rates/daily-indicative-exchange-rates,"{""inverse_rate"": ""0.0028"", ""latest_group"": ""cbsl_fx"", ""rate_type"": ""indicative""}"
cbsl,eur_lkr_indicative,EUR/LKR Indicative Exchange Rate,exchange_rate,2026-03-17,,2026-03-31T21:39:24.339520+00:00,357.9294,LKR per EUR,business_daily,EUR,,https://www.cbsl.gov.lk/en/rates-and-indicators/exchange-rates/daily-indicative-exchange-rates,"{""inverse_rate"": ""0.0028"", ""latest_group"": ""cbsl_fx"", ""rate_type"": ""indicative""}"
cbsl,eur_lkr_indicative,EUR/LKR Indicative Exchange Rate,exchange_rate,2026-03-18,,2026-04-01T21:41:47.710797+00:00,359.1316,LKR per EUR,business_daily,EUR,,https://www.cbsl.gov.lk/en/rates-and-indicators/exchange-rates/daily-indicative-exchange-rates,"{""inverse_rate"": ""0.0028"", ""latest_group"": ""cbsl_fx"", ""rate_type"": ""indicative""}"
cbsl,eur_lkr_indicative,EUR/LKR Indicative Exchange Rate,exchange_rate,2026-03-19,,2026-04-02T21:38:20.272192+00:00,357.6837,LKR per EUR,business_daily,EUR,,https://www.cbsl.gov.lk/en/rates-and-indicators/exchange-rates/daily-indicative-exchange-rates,"{""inverse_rate"": ""0.0028"", ""latest_group"": ""cbsl_fx"", ""rate_type"": ""indicative""}"
cbsl,eur_lkr_indicative,EUR/LKR Indicative Exchange Rate,exchange_rate,2026-03-20,,2026-04-03T21:34:06.290708+00:00,360.1434,LKR per EUR,business_daily,EUR,,https://www.cbsl.gov.lk/en/rates-and-indicators/exchange-rates/daily-indicative-exchange-rates,"{""inverse_rate"": ""0.0028"", ""latest_group"": ""cbsl_fx"", ""rate_type"": ""indicative""}"
cbsl,eur_lkr_indicative,EUR/LKR Indicative Exchange Rate,exchange_rate,2026-03-23,,2026-04-06T21:38:11.523186+00:00,360.0993,LKR per EUR,business_daily,EUR,,https://www.cbsl.gov.lk/en/rates-and-indicators/exchange-rates/daily-indicative-exchange-rates,"{""inverse_rate"": ""0.0028"", ""latest_group"": ""cbsl_fx"", ""rate_type"": ""indicative""}"
cbsl,eur_lkr_indicative,EUR/LKR Indicative Exchange Rate,exchange_rate,2026-03-24,,2026-04-07T21:44:58.811064+00:00,362.7566,LKR per EUR,business_daily,EUR,,https://www.cbsl.gov.lk/en/rates-and-indicators/exchange-rates/daily-indicative-exchange-rates,"{""inverse_rate"": ""0.0028"", ""latest_group"": ""cbsl_fx"", ""rate_type"": ""indicative""}"
cbsl,eur_lkr_indicative,EUR/LKR Indicative Exchange Rate,exchange_rate,2026-03-25,,2026-04-08T21:41:23.241647+00:00,364.7113,LKR per EUR,business_daily,EUR,,https://www.cbsl.gov.lk/en/rates-and-indicators/exchange-rates/daily-indicative-exchange-rates,"{""inverse_rate"": ""0.0027"", ""latest_group"": ""cbsl_fx"", ""rate_type"": ""indicative""}"
cbsl,eur_lkr_indicative,EUR/LKR Indicative Exchange Rate,exchange_rate,2026-03-26,,2026-04-09T21:45:41.566202+00:00,362.5106,LKR per EUR,business_daily,EUR,,https://www.cbsl.gov.lk/en/rates-and-indicators/exchange-rates/daily-indicative-exchange-rates,"{""inverse_rate"": ""0.0028"", ""latest_group"": ""cbsl_fx"", ""rate_type"": ""indicative""}"
cbsl,eur_lkr_indicative,EUR/LKR Indicative Exchange Rate,exchange_rate,2026-03-27,,2026-04-10T21:37:45.921083+00:00,362.7700,LKR per EUR,business_daily,EUR,,https://www.cbsl.gov.lk/en/rates-and-indicators/exchange-rates/daily-indicative-exchange-rates,"{""inverse_rate"": ""0.0028"", ""latest_group"": ""cbsl_fx"", ""rate_type"": ""indicative""}"
cbsl,eur_lkr_indicative,EUR/LKR Indicative Exchange Rate,exchange_rate,2026-03-30,,2026-04-13T21:50:59.178237+00:00,362.3272,LKR per EUR,business_daily,EUR,,https://www.cbsl.gov.lk/en/rates-and-indicators/exchange-rates/daily-indicative-exchange-rates,"{""inverse_rate"": ""0.0028"", ""latest_group"": ""cbsl_fx"", ""rate_type"": ""indicative""}"
cbsl,eur_lkr_indicative,EUR/LKR Indicative Exchange Rate,exchange_rate,2026-03-31,,2026-04-14T21:52:49.576347+00:00,361.7446,LKR per EUR,business_daily,EUR,,https://www.cbsl.gov.lk/en/rates-and-indicators/exchange-rates/daily-indicative-exchange-rates,"{""inverse_rate"": ""0.0028"", ""latest_group"": ""cbsl_fx"", ""rate_type"": ""indicative""}"
cbsl,eur_lkr_indicative,EUR/LKR Indicative Exchange Rate,exchange_rate,2026-04-02,,2026-04-16T21:42:44.424597+00:00,364.0045,LKR per EUR,business_daily,EUR,,https://www.cbsl.gov.lk/en/rates-and-indicators/exchange-rates/daily-indicative-exchange-rates,"{""inverse_rate"": ""0.0027"", ""latest_group"": ""cbsl_fx"", ""rate_type"": ""indicative""}"
cbsl,eur_lkr_indicative,EUR/LKR Indicative Exchange Rate,exchange_rate,2026-04-06,,2026-04-20T21:47:51.996381+00:00,363.4793,LKR per EUR,business_daily,EUR,,https://www.cbsl.gov.lk/en/rates-and-indicators/exchange-rates/daily-indicative-exchange-rates,"{""inverse_rate"": ""0.0028"", ""latest_group"": ""cbsl_fx"", ""rate_type"": ""indicative""}"
cbsl,eur_lkr_indicative,EUR/LKR Indicative Exchange Rate,exchange_rate,2026-04-07,,2026-04-21T21:45:59.640736+00:00,363.7139,LKR per EUR,business_daily,EUR,,https://www.cbsl.gov.lk/en/rates-and-indicators/exchange-rates/daily-indicative-exchange-rates,"{""inverse_rate"": ""0.0027"", ""latest_group"": ""cbsl_fx"", ""rate_type"": ""indicative""}"
cbsl,eur_lkr_indicative,EUR/LKR Indicative Exchange Rate,exchange_rate,2026-04-08,,2026-04-22T21:51:49.316820+00:00,368.2591,LKR per EUR,business_daily,EUR,,https://www.cbsl.gov.lk/en/rates-and-indicators/exchange-rates/daily-indicative-exchange-rates,"{""inverse_rate"": ""0.0027"", ""latest_group"": ""cbsl_fx"", ""rate_type"": ""indicative""}"
cbsl,eur_lkr_indicative,EUR/LKR Indicative Exchange Rate,exchange_rate,2026-04-09,,2026-04-23T21:45:58.290777+00:00,367.6696,LKR per EUR,business_daily,EUR,,https://www.cbsl.gov.lk/en/rates-and-indicators/exchange-rates/daily-indicative-exchange-rates,"{""inverse_rate"": ""0.0027"", ""latest_group"": ""cbsl_fx"", ""rate_type"": ""indicative""}"
cbsl,eur_lkr_indicative,EUR/LKR Indicative Exchange Rate,exchange_rate,2026-04-10,,2026-04-24T21:47:46.212955+00:00,368.7833,LKR per EUR,business_daily,EUR,,https://www.cbsl.gov.lk/en/rates-and-indicators/exchange-rates/daily-indicative-exchange-rates,"{""inverse_rate"": ""0.0027"", ""latest_group"": ""cbsl_fx"", ""rate_type"": ""indicative""}"
cbsl,eur_lkr_indicative,EUR/LKR Indicative Exchange Rate,exchange_rate,2026-04-15,,2026-04-29T21:58:42.381751+00:00,371.8589,LKR per EUR,business_daily,EUR,,https://www.cbsl.gov.lk/en/rates-and-indicators/exchange-rates/daily-indicative-exchange-rates,"{""inverse_rate"": ""0.0027"", ""latest_group"": ""cbsl_fx"", ""rate_type"": ""indicative""}"
cbsl,eur_lkr_indicative,EUR/LKR Indicative Exchange Rate,exchange_rate,2026-04-16,,2026-04-30T21:56:01.545335+00:00,372.4693,LKR per EUR,business_daily,EUR,,https://www.cbsl.gov.lk/en/rates-and-indicators/exchange-rates/daily-indicative-exchange-rates,"{""inverse_rate"": ""0.0027"", ""latest_group"": ""cbsl_fx"", ""rate_type"": ""indicative""}"
cbsl,eur_lkr_indicative,EUR/LKR Indicative Exchange Rate,exchange_rate,2026-04-17,,2026-05-01T21:53:11.866527+00:00,371.7945,LKR per EUR,business_daily,EUR,,https://www.cbsl.gov.lk/en/rates-and-indicators/exchange-rates/daily-indicative-exchange-rates,"{""inverse_rate"": ""0.0027"", ""latest_group"": ""cbsl_fx"", ""rate_type"": ""indicative""}"
cbsl,eur_lkr_indicative,EUR/LKR Indicative Exchange Rate,exchange_rate,2026-04-20,,2026-05-04T22:00:53.833875+00:00,372.1334,LKR per EUR,business_daily,EUR,,https://www.cbsl.gov.lk/en/rates-and-indicators/exchange-rates/daily-indicative-exchange-rates,"{""inverse_rate"": ""0.0027"", ""latest_group"": ""cbsl_fx"", ""rate_type"": ""indicative""}"
cbsl,eur_lkr_indicative,EUR/LKR Indicative Exchange Rate,exchange_rate,2026-04-21,,2026-05-05T22:01:01.555588+00:00,372.7714,LKR per EUR,business_daily,EUR,,https://www.cbsl.gov.lk/en/rates-and-indicators/exchange-rates/daily-indicative-exchange-rates,"{""inverse_rate"": ""0.0027"", ""latest_group"": ""cbsl_fx"", ""rate_type"": ""indicative""}"
cbsl,eur_lkr_indicative,EUR/LKR Indicative Exchange Rate,exchange_rate,2026-04-22,,2026-05-06T21:57:33.415313+00:00,371.7169,LKR per EUR,business_daily,EUR,,https://www.cbsl.gov.lk/en/rates-and-indicators/exchange-rates/daily-indicative-exchange-rates,"{""inverse_rate"": ""0.0027"", ""latest_group"": ""cbsl_fx"", ""rate_type"": ""indicative""}"
cbsl,eur_lkr_indicative,EUR/LKR Indicative Exchange Rate,exchange_rate,2026-04-23,,2026-05-07T21:58:14.512773+00:00,370.7901,LKR per EUR,business_daily,EUR,,https://www.cbsl.gov.lk/en/rates-and-indicators/exchange-rates/daily-indicative-exchange-rates,"{""inverse_rate"": ""0.0027"", ""latest_group"": ""cbsl_fx"", ""rate_type"": ""indicative""}"
cbsl,eur_lkr_indicative,EUR/LKR Indicative Exchange Rate,exchange_rate,2026-04-24,,2026-05-08T21:58:56.901647+00:00,370.4555,LKR per EUR,business_daily,EUR,,https://www.cbsl.gov.lk/en/rates-and-indicators/exchange-rates/daily-indicative-exchange-rates,"{""inverse_rate"": ""0.0027"", ""latest_group"": ""cbsl_fx"", ""rate_type"": ""indicative""}"
cbsl,eur_lkr_indicative,EUR/LKR Indicative Exchange Rate,exchange_rate,2026-04-27,,2026-05-11T22:07:38.325157+00:00,372.5301,LKR per EUR,business_daily,EUR,,https://www.cbsl.gov.lk/en/rates-and-indicators/exchange-rates/daily-indicative-exchange-rates,"{""inverse_rate"": ""0.0027"", ""latest_group"": ""cbsl_fx"", ""rate_type"": ""indicative""}"
cbsl,eur_lkr_indicative,EUR/LKR Indicative Exchange Rate,exchange_rate,2026-04-28,,2026-05-12T22:11:38.215775+00:00,372.3447,LKR per EUR,business_daily,EUR,,https://www.cbsl.gov.lk/en/rates-and-indicators/exchange-rates/daily-indicative-exchange-rates,"{""inverse_rate"": ""0.0027"", ""latest_group"": ""cbsl_fx"", ""rate_type"": ""indicative""}"
cbsl,eur_lkr_indicative,EUR/LKR Indicative Exchange Rate,exchange_rate,2026-04-29,,2026-05-13T22:12:14.854277+00:00,373.2862,LKR per EUR,business_daily,EUR,,https://www.cbsl.gov.lk/en/rates-and-indicators/exchange-rates/daily-indicative-exchange-rates,"{""inverse_rate"": ""0.0027"", ""latest_group"": ""cbsl_fx"", ""rate_type"": ""indicative""}"
cbsl,eur_lkr_indicative,EUR/LKR Indicative Exchange Rate,exchange_rate,2026-04-30,,2026-05-14T22:11:49.898735+00:00,372.6805,LKR per EUR,business_daily,EUR,,https://www.cbsl.gov.lk/en/rates-and-indicators/exchange-rates/daily-indicative-exchange-rates,"{""inverse_rate"": ""0.0027"", ""latest_group"": ""cbsl_fx"", ""rate_type"": ""indicative""}"
cbsl,eur_lkr_indicative,EUR/LKR Indicative Exchange Rate,exchange_rate,2026-05-04,,2026-05-18T22:02:54.486583+00:00,375.0565,LKR per EUR,business_daily,EUR,,https://www.cbsl.gov.lk/en/rates-and-indicators/exchange-rates/daily-indicative-exchange-rates,"{""inverse_rate"": ""0.0027"", ""latest_group"": ""cbsl_fx"", ""rate_type"": ""indicative""}"
cbsl,eur_lkr_indicative,EUR/LKR Indicative Exchange Rate,exchange_rate,2026-05-05,,2026-05-19T22:16:42.624098+00:00,373.5176,LKR per EUR,business_daily,EUR,,https://www.cbsl.gov.lk/en/rates-and-indicators/exchange-rates/daily-indicative-exchange-rates,"{""inverse_rate"": ""0.0027"", ""latest_group"": ""cbsl_fx"", ""rate_type"": ""indicative""}"
cbsl,eur_lkr_indicative,EUR/LKR Indicative Exchange Rate,exchange_rate,2026-05-06,,2026-05-20T22:24:00.735871+00:00,374.7569,LKR per EUR,business_daily,EUR,,https://www.cbsl.gov.lk/en/rates-and-indicators/exchange-rates/daily-indicative-exchange-rates,"{""inverse_rate"": ""0.0027"", ""latest_group"": ""cbsl_fx"", ""rate_type"": ""indicative""}"
cbsl,eur_lkr_indicative,EUR/LKR Indicative Exchange Rate,exchange_rate,2026-05-07,,2026-05-21T22:19:05.358230+00:00,376.7548,LKR per EUR,business_daily,EUR,,https://www.cbsl.gov.lk/en/rates-and-indicators/exchange-rates/daily-indicative-exchange-rates,"{""inverse_rate"": ""0.0027"", ""latest_group"": ""cbsl_fx"", ""rate_type"": ""indicative""}"
cbsl,eur_lkr_indicative,EUR/LKR Indicative Exchange Rate,exchange_rate,2026-05-08,,2026-05-22T22:08:04.757365+00:00,377.2741,LKR per EUR,business_daily,EUR,,https://www.cbsl.gov.lk/en/rates-and-indicators/exchange-rates/daily-indicative-exchange-rates,"{""inverse_rate"": ""0.0027"", ""latest_group"": ""cbsl_fx"", ""rate_type"": ""indicative""}"
cbsl,eur_lkr_indicative,EUR/LKR Indicative Exchange Rate,exchange_rate,2026-05-11,,2026-05-25T22:08:21.566123+00:00,378.6822,LKR per EUR,business_daily,EUR,,https://www.cbsl.gov.lk/en/rates-and-indicators/exchange-rates/daily-indicative-exchange-rates,"{""inverse_rate"": ""0.0026"", ""latest_group"": ""cbsl_fx"", ""rate_type"": ""indicative""}"
cbsl,eur_lkr_indicative,EUR/LKR Indicative Exchange Rate,exchange_rate,2026-05-12,,2026-05-26T22:19:03.580727+00:00,378.7371,LKR per EUR,business_daily,EUR,,https://www.cbsl.gov.lk/en/rates-and-indicators/exchange-rates/daily-indicative-exchange-rates,"{""inverse_rate"": ""0.0026"", ""latest_group"": ""cbsl_fx"", ""rate_type"": ""indicative""}"
cbsl,eur_lkr_indicative,EUR/LKR Indicative Exchange Rate,exchange_rate,2026-05-13,,2026-05-27T22:40:54.143613+00:00,378.2891,LKR per EUR,business_daily,EUR,,https://www.cbsl.gov.lk/en/rates-and-indicators/exchange-rates/daily-indicative-exchange-rates,"{""inverse_rate"": ""0.0026"", ""latest_group"": ""cbsl_fx"", ""rate_type"": ""indicative""}"
cbsl,eur_lkr_indicative,EUR/LKR Indicative Exchange Rate,exchange_rate,2026-05-14,,2026-05-28T22:41:25.386930+00:00,379.4851,LKR per EUR,business_daily,EUR,,https://www.cbsl.gov.lk/en/rates-and-indicators/exchange-rates/daily-indicative-exchange-rates,"{""inverse_rate"": ""0.0026"", ""latest_group"": ""cbsl_fx"", ""rate_type"": ""indicative""}"
cbsl,eur_lkr_indicative,EUR/LKR Indicative Exchange Rate,exchange_rate,2026-05-15,,2026-05-29T22:28:36.910016+00:00,378.3294,LKR per EUR,business_daily,EUR,,https://www.cbsl.gov.lk/en/rates-and-indicators/exchange-rates/daily-indicative-exchange-rates,"{""inverse_rate"": ""0.0026"", ""latest_group"": ""cbsl_fx"", ""rate_type"": ""indicative""}"
cbsl,eur_lkr_indicative,EUR/LKR Indicative Exchange Rate,exchange_rate,2026-05-18,,2026-06-01T21:33:04.378317+00:00,378.3062,LKR per EUR,business_daily,EUR,,https://www.cbsl.gov.lk/en/rates-and-indicators/exchange-rates/daily-indicative-exchange-rates,"{""inverse_rate"": ""0.0026"", ""latest_group"": ""cbsl_fx"", ""rate_type"": ""indicative""}"
cbsl,eur_lkr_indicative,EUR/LKR Indicative Exchange Rate,exchange_rate,2026-05-19,,2026-06-02T23:02:53.722009+00:00,380.6997,LKR per EUR,business_daily,EUR,,https://www.cbsl.gov.lk/en/rates-and-indicators/exchange-rates/daily-indicative-exchange-rates,"{""inverse_rate"": ""0.0026"", ""latest_group"": ""cbsl_fx"", ""rate_type"": ""indicative""}"
cbsl,eur_lkr_indicative,EUR/LKR Indicative Exchange Rate,exchange_rate,2026-05-20,,2026-06-03T23:05:40.554357+00:00,380.6755,LKR per EUR,business_daily,EUR,,https://www.cbsl.gov.lk/en/rates-and-indicators/exchange-rates/daily-indicative-exchange-rates,"{""inverse_rate"": ""0.0026"", ""latest_group"": ""cbsl_fx"", ""rate_type"": ""indicative""}"
cbsl,eur_lkr_indicative,EUR/LKR Indicative Exchange Rate,exchange_rate,2026-05-21,,2026-06-04T22:21:31.238044+00:00,383.0708,LKR per EUR,business_daily,EUR,,https://www.cbsl.gov.lk/en/rates-and-indicators/exchange-rates/daily-indicative-exchange-rates,"{""inverse_rate"": ""0.0026"", ""latest_group"": ""cbsl_fx"", ""rate_type"": ""indicative""}"
cbsl,eur_lkr_indicative,EUR/LKR Indicative Exchange Rate,exchange_rate,2026-05-22,,2026-06-05T22:14:40.323696+00:00,387.7987,LKR per EUR,business_daily,EUR,,https://www.cbsl.gov.lk/en/rates-and-indicators/exchange-rates/daily-indicative-exchange-rates,"{""inverse_rate"": ""0.0026"", ""latest_group"": ""cbsl_fx"", ""rate_type"": ""indicative""}"
cbsl,eur_lkr_indicative,EUR/LKR Indicative Exchange Rate,exchange_rate,2026-05-25,,2026-06-08T22:26:58.587223+00:00,392.1978,LKR per EUR,business_daily,EUR,,https://www.cbsl.gov.lk/en/rates-and-indicators/exchange-rates/daily-indicative-exchange-rates,"{""inverse_rate"": ""0.0025"", ""latest_group"": ""cbsl_fx"", ""rate_type"": ""indicative""}"
cbsl,eur_lkr_indicative,EUR/LKR Indicative Exchange Rate,exchange_rate,2026-05-26,,2026-06-09T22:23:49.916816+00:00,378.2056,LKR per EUR,business_daily,EUR,,https://www.cbsl.gov.lk/en/rates-and-indicators/exchange-rates/daily-indicative-exchange-rates,"{""inverse_rate"": ""0.0026"", ""latest_group"": ""cbsl_fx"", ""rate_type"": ""indicative""}"
cbsl,eur_lkr_indicative,EUR/LKR Indicative Exchange Rate,exchange_rate,2026-05-27,,2026-06-10T22:50:55.263525+00:00,375.8332,LKR per EUR,business_daily,EUR,,https://www.cbsl.gov.lk/en/rates-and-indicators/exchange-rates/daily-indicative-exchange-rates,"{""inverse_rate"": ""0.0027"", ""latest_group"": ""cbsl_fx"", ""rate_type"": ""indicative""}"
cbsl,eur_lkr_indicative,EUR/LKR Indicative Exchange Rate,exchange_rate,2026-05-29,,2026-06-12T22:25:01.042754+00:00,381.7798,LKR per EUR,business_daily,EUR,,https://www.cbsl.gov.lk/en/rates-and-indicators/exchange-rates/daily-indicative-exchange-rates,"{""inverse_rate"": ""0.0026"", ""latest_group"": ""cbsl_fx"", ""rate_type"": ""indicative""}"
cbsl,eur_lkr_indicative,EUR/LKR Indicative Exchange Rate,exchange_rate,2026-06-01,,2026-06-15T23:02:44.145539+00:00,383.3815,LKR per EUR,business_daily,EUR,,https://www.cbsl.gov.lk/en/rates-and-indicators/exchange-rates/daily-indicative-exchange-rates,"{""inverse_rate"": ""0.0026"", ""latest_group"": ""cbsl_fx"", ""rate_type"": ""indicative""}"
cbsl,eur_lkr_indicative,EUR/LKR Indicative Exchange Rate,exchange_rate,2026-06-02,,2026-06-16T22:52:51.556520+00:00,385.7573,LKR per EUR,business_daily,EUR,,https://www.cbsl.gov.lk/en/rates-and-indicators/exchange-rates/daily-indicative-exchange-rates,"{""inverse_rate"": ""0.0026"", ""latest_group"": ""cbsl_fx"", ""rate_type"": ""indicative""}"
cbsl,eur_lkr_indicative,EUR/LKR Indicative Exchange Rate,exchange_rate,2026-06-03,,2026-06-17T22:45:18.281147+00:00,386.2693,LKR per EUR,business_daily,EUR,,https://www.cbsl.gov.lk/en/rates-and-indicators/exchange-rates/daily-indicative-exchange-rates,"{""inverse_rate"": ""0.0026"", ""latest_group"": ""cbsl_fx"", ""rate_type"": ""indicative""}"
cbsl,eur_lkr_indicative,EUR/LKR Indicative Exchange Rate,exchange_rate,2026-06-04,,2026-06-18T22:55:44.841018+00:00,388.4210,LKR per EUR,business_daily,EUR,,https://www.cbsl.gov.lk/en/rates-and-indicators/exchange-rates/daily-indicative-exchange-rates,"{""inverse_rate"": ""0.0026"", ""latest_group"": ""cbsl_fx"", ""rate_type"": ""indicative""}"
cbsl,eur_lkr_indicative,EUR/LKR Indicative Exchange Rate,exchange_rate,2026-06-05,,2026-06-19T22:03:59.711100+00:00,390.4869,LKR per EUR,business_daily,EUR,,https://www.cbsl.gov.lk/en/rates-and-indicators/exchange-rates/daily-indicative-exchange-rates,"{""inverse_rate"": ""0.0026"", ""latest_group"": ""cbsl_fx"", ""rate_type"": ""indicative""}"
cbsl,eur_lkr_indicative,EUR/LKR Indicative Exchange Rate,exchange_rate,2026-06-08,,2026-06-22T22:47:36.038711+00:00,387.8291,LKR per EUR,business_daily,EUR,,https://www.cbsl.gov.lk/en/rates-and-indicators/exchange-rates/daily-indicative-exchange-rates,"{""inverse_rate"": ""0.0026"", ""latest_group"": ""cbsl_fx"", ""rate_type"": ""indicative""}"
cbsl,eur_lkr_indicative,EUR/LKR Indicative Exchange Rate,exchange_rate,2026-06-09,,2026-06-23T22:13:16.031903+00:00,388.6597,LKR per EUR,business_daily,EUR,,https://www.cbsl.gov.lk/en/rates-and-indicators/exchange-rates/daily-indicative-exchange-rates,"{""inverse_rate"": ""0.0026"", ""latest_group"": ""cbsl_fx"", ""rate_type"": ""indicative""}"
cbsl,eur_lkr_indicative,EUR/LKR Indicative Exchange Rate,exchange_rate,2026-06-10,,2026-06-24T22:17:35.390484+00:00,389.7292,LKR per EUR,business_daily,EUR,,https://www.cbsl.gov.lk/en/rates-and-indicators/exchange-rates/daily-indicative-exchange-rates,"{""inverse_rate"": ""0.0026"", ""latest_group"": ""cbsl_fx"", ""rate_type"": ""indicative""}"
cbsl,eur_lkr_indicative,EUR/LKR Indicative Exchange Rate,exchange_rate,2026-06-11,,2026-06-25T22:21:02.171149+00:00,382.2382,LKR per EUR,business_daily,EUR,,https://www.cbsl.gov.lk/en/rates-and-indicators/exchange-rates/daily-indicative-exchange-rates,"{""inverse_rate"": ""0.0026"", ""latest_group"": ""cbsl_fx"", ""rate_type"": ""indicative""}"
cbsl,eur_lkr_indicative,EUR/LKR Indicative Exchange Rate,exchange_rate,2026-06-12,,2026-06-26T22:13:02.819866+00:00,385.5657,LKR per EUR,business_daily,EUR,,https://www.cbsl.gov.lk/en/rates-and-indicators/exchange-rates/daily-indicative-exchange-rates,"{""inverse_rate"": ""0.0026"", ""latest_group"": ""cbsl_fx"", ""rate_type"": ""indicative""}"
cbsl,eur_lkr_indicative,EUR/LKR Indicative Exchange Rate,exchange_rate,2026-06-15,,2026-06-29T22:07:54.191585+00:00,389.9115,LKR per EUR,business_daily,EUR,,https://www.cbsl.gov.lk/en/rates-and-indicators/exchange-rates/daily-indicative-exchange-rates,"{""inverse_rate"": ""0.0026"", ""latest_group"": ""cbsl_fx"", ""rate_type"": ""indicative""}"
cbsl,eur_lkr_indicative,EUR/LKR Indicative Exchange Rate,exchange_rate,2026-06-16,,2026-06-30T22:15:02.784489+00:00,384.2122,LKR per EUR,business_daily,EUR,,https://www.cbsl.gov.lk/en/rates-and-indicators/exchange-rates/daily-indicative-exchange-rates,"{""inverse_rate"": ""0.0026"", ""latest_group"": ""cbsl_fx"", ""rate_type"": ""indicative""}"
cbsl,eur_lkr_indicative,EUR/LKR Indicative Exchange Rate,exchange_rate,2026-06-17,,2026-07-01T22:17:19.126891+00:00,388.5853,LKR per EUR,business_daily,EUR,,https://www.cbsl.gov.lk/en/rates-and-indicators/exchange-rates/daily-indicative-exchange-rates,"{""inverse_rate"": ""0.0026"", ""latest_group"": ""cbsl_fx"", ""rate_type"": ""indicative""}"
cbsl,eur_lkr_indicative,EUR/LKR Indicative Exchange Rate,exchange_rate,2026-06-18,,2026-07-02T22:05:58.253435+00:00,384.6100,LKR per EUR,business_daily,EUR,,https://www.cbsl.gov.lk/en/rates-and-indicators/exchange-rates/daily-indicative-exchange-rates,"{""inverse_rate"": ""0.0026"", ""latest_group"": ""cbsl_fx"", ""rate_type"": ""indicative""}"
cbsl,eur_lkr_indicative,EUR/LKR Indicative Exchange Rate,exchange_rate,2026-06-19,,2026-07-03T22:04:09.812403+00:00,382.9877,LKR per EUR,business_daily,EUR,,https://www.cbsl.gov.lk/en/rates-and-indicators/exchange-rates/daily-indicative-exchange-rates,"{""inverse_rate"": ""0.0026"", ""latest_group"": ""cbsl_fx"", ""rate_type"": ""indicative""}"
cbsl,eur_lkr_indicative,EUR/LKR Indicative Exchange Rate,exchange_rate,2026-06-22,,2026-07-06T22:13:30.666828+00:00,382.5944,LKR per EUR,business_daily,EUR,,https://www.cbsl.gov.lk/en/rates-and-indicators/exchange-rates/daily-indicative-exchange-rates,"{""inverse_rate"": ""0.0026"", ""latest_group"": ""cbsl_fx"", ""rate_type"": ""indicative""}"
cbsl,eur_lkr_indicative,EUR/LKR Indicative Exchange Rate,exchange_rate,2026-06-23,,2026-07-07T22:10:52.957568+00:00,382.3836,LKR per EUR,business_daily,EUR,,https://www.cbsl.gov.lk/en/rates-and-indicators/exchange-rates/daily-indicative-exchange-rates,"{""inverse_rate"": ""0.0026"", ""latest_group"": ""cbsl_fx"", ""rate_type"": ""indicative""}"
cbsl,eur_lkr_indicative,EUR/LKR Indicative Exchange Rate,exchange_rate,2026-06-24,,2026-07-08T22:05:21.700392+00:00,380.8060,LKR per EUR,business_daily,EUR,,https://www.cbsl.gov.lk/en/rates-and-indicators/exchange-rates/daily-indicative-exchange-rates,"{""inverse_rate"": ""0.0026"", ""latest_group"": ""cbsl_fx"", ""rate_type"": ""indicative""}"
cbsl,eur_lkr_indicative,EUR/LKR Indicative Exchange Rate,exchange_rate,2026-06-25,,2026-07-09T22:27:41.223110+00:00,382.5081,LKR per EUR,business_daily,EUR,,https://www.cbsl.gov.lk/en/rates-and-indicators/exchange-rates/daily-indicative-exchange-rates,"{""inverse_rate"": ""0.0026"", ""latest_group"": ""cbsl_fx"", ""rate_type"": ""indicative""}"
cbsl,eur_lkr_indicative,EUR/LKR Indicative Exchange Rate,exchange_rate,2026-06-26,,2026-07-10T22:02:31.098220+00:00,382.7461,LKR per EUR,business_daily,EUR,,https://www.cbsl.gov.lk/en/rates-and-indicators/exchange-rates/daily-indicative-exchange-rates,"{""inverse_rate"": ""0.0026"", ""latest_group"": ""cbsl_fx"", ""rate_type"": ""indicative""}"
cbsl,eur_lkr_indicative,EUR/LKR Indicative Exchange Rate,exchange_rate,2026-06-30,,2026-07-14T21:57:28.966793+00:00,383.8960,LKR per EUR,business_daily,EUR,,https://www.cbsl.gov.lk/en/rates-and-indicators/exchange-rates/daily-indicative-exchange-rates,"{""inverse_rate"": ""0.0026"", ""latest_group"": ""cbsl_fx"", ""rate_type"": ""indicative""}"
cbsl,eur_lkr_indicative,EUR/LKR Indicative Exchange Rate,exchange_rate,2026-07-01,,2026-07-15T22:00:08.539654+00:00,383.3680,LKR per EUR,business_daily,EUR,,https://www.cbsl.gov.lk/en/rates-and-indicators/exchange-rates/daily-indicative-exchange-rates,"{""inverse_rate"": ""0.0026"", ""latest_group"": ""cbsl_fx"", ""rate_type"": ""indicative""}"
cbsl,eur_lkr_indicative,EUR/LKR Indicative Exchange Rate,exchange_rate,2026-07-02,,2026-07-16T22:03:30.185168+00:00,382.8638,LKR per EUR,business_daily,EUR,,https://www.cbsl.gov.lk/en/rates-and-indicators/exchange-rates/daily-indicative-exchange-rates,"{""inverse_rate"": ""0.0026"", ""latest_group"": ""cbsl_fx"", ""rate_type"": ""indicative""}"
cbsl,eur_lkr_indicative,EUR/LKR Indicative Exchange Rate,exchange_rate,2026-07-03,,2026-07-17T13:27:33.455063+00:00,384.5542,LKR per EUR,business_daily,EUR,,https://www.cbsl.gov.lk/en/rates-and-indicators/exchange-rates/daily-indicative-exchange-rates,"{""inverse_rate"": ""0.0026"", ""latest_group"": ""cbsl_fx"", ""rate_type"": ""indicative""}"
cbsl,eur_lkr_indicative,EUR/LKR Indicative Exchange Rate,exchange_rate,2026-07-06,,2026-07-17T13:27:33.455063+00:00,383.1970,LKR per EUR,business_daily,EUR,,https://www.cbsl.gov.lk/en/rates-and-indicators/exchange-rates/daily-indicative-exchange-rates,"{""inverse_rate"": ""0.0026"", ""latest_group"": ""cbsl_fx"", ""rate_type"": ""indicative""}"
cbsl,eur_lkr_indicative,EUR/LKR Indicative Exchange Rate,exchange_rate,2026-07-07,,2026-07-17T13:27:33.455063+00:00,383.2491,LKR per EUR,business_daily,EUR,,https://www.cbsl.gov.lk/en/rates-and-indicators/exchange-rates/daily-indicative-exchange-rates,"{""inverse_rate"": ""0.0026"", ""latest_group"": ""cbsl_fx"", ""rate_type"": ""indicative""}"
cbsl,eur_lkr_indicative,EUR/LKR Indicative Exchange Rate,exchange_rate,2026-07-08,,2026-07-17T13:27:33.455063+00:00,381.9408,LKR per EUR,business_daily,EUR,,https://www.cbsl.gov.lk/en/rates-and-indicators/exchange-rates/daily-indicative-exchange-rates,"{""inverse_rate"": ""0.0026"", ""latest_group"": ""cbsl_fx"", ""rate_type"": ""indicative""}"
cbsl,eur_lkr_indicative,EUR/LKR Indicative Exchange Rate,exchange_rate,2026-07-09,,2026-07-17T13:27:33.455063+00:00,383.2949,LKR per EUR,business_daily,EUR,,https://www.cbsl.gov.lk/en/rates-and-indicators/exchange-rates/daily-indicative-exchange-rates,"{""inverse_rate"": ""0.0026"", ""latest_group"": ""cbsl_fx"", ""rate_type"": ""indicative""}"
cbsl,eur_lkr_indicative,EUR/LKR Indicative Exchange Rate,exchange_rate,2026-07-10,,2026-07-17T13:27:33.455063+00:00,385.4174,LKR per EUR,business_daily,EUR,,https://www.cbsl.gov.lk/en/rates-and-indicators/exchange-rates/daily-indicative-exchange-rates,"{""inverse_rate"": ""0.0026"", ""latest_group"": ""cbsl_fx"", ""rate_type"": ""indicative""}"
cbsl,eur_lkr_indicative,EUR/LKR Indicative Exchange Rate,exchange_rate,2026-07-13,,2026-07-17T13:27:33.455063+00:00,382.5974,LKR per EUR,business_daily,EUR,,https://www.cbsl.gov.lk/en/rates-and-indicators/exchange-rates/daily-indicative-exchange-rates,"{""inverse_rate"": ""0.0026"", ""latest_group"": ""cbsl_fx"", ""rate_type"": ""indicative""}"
cbsl,eur_lkr_indicative,EUR/LKR Indicative Exchange Rate,exchange_rate,2026-07-14,,2026-07-17T13:27:33.455063+00:00,383.0916,LKR per EUR,business_daily,EUR,,https://www.cbsl.gov.lk/en/rates-and-indicators/exchange-rates/daily-indicative-exchange-rates,"{""inverse_rate"": ""0.0026"", ""latest_group"": ""cbsl_fx"", ""rate_type"": ""indicative""}"
cbsl,eur_lkr_indicative,EUR/LKR Indicative Exchange Rate,exchange_rate,2026-07-15,,2026-07-17T13:27:33.455063+00:00,384.5378,LKR per EUR,business_daily,EUR,,https://www.cbsl.gov.lk/en/rates-and-indicators/exchange-rates/daily-indicative-exchange-rates,"{""inverse_rate"": ""0.0026"", ""latest_group"": ""cbsl_fx"", ""rate_type"": ""indicative""}"
cbsl,eur_lkr_indicative,EUR/LKR Indicative Exchange Rate,exchange_rate,2026-07-16,,2026-07-17T13:27:33.455063+00:00,385.6436,LKR per EUR,business_daily,EUR,,https://www.cbsl.gov.lk/en/rates-and-indicators/exchange-rates/daily-indicative-exchange-rates,"{""inverse_rate"": ""0.0026"", ""latest_group"": ""cbsl_fx"", ""rate_type"": ""indicative""}"
cbsl,eur_lkr_indicative,EUR/LKR Indicative Exchange Rate,exchange_rate,2026-07-17,,2026-07-17T13:27:33.455063+00:00,384.6999,LKR per EUR,business_daily,EUR,,https://www.cbsl.gov.lk/en/rates-and-indicators/exchange-rates/daily-indicative-exchange-rates,"{""inverse_rate"": ""0.0026"", ""latest_group"": ""cbsl_fx"", ""rate_type"": ""indicative""}"
