source,indicator_code,series_name,category,reference_date,published_at,collected_at,value,unit,frequency,currency,market_scope,source_url,metadata
cbsl,gbp_lkr_indicative,GBP/LKR Indicative Exchange Rate,exchange_rate,2026-03-16,,2026-03-30T21:41:55.540925+00:00,412.4068,LKR per GBP,business_daily,GBP,,https://www.cbsl.gov.lk/en/rates-and-indicators/exchange-rates/daily-indicative-exchange-rates,"{""inverse_rate"": ""0.0024"", ""latest_group"": ""cbsl_fx"", ""rate_type"": ""indicative""}"
cbsl,gbp_lkr_indicative,GBP/LKR Indicative Exchange Rate,exchange_rate,2026-03-17,,2026-03-31T21:39:24.339520+00:00,414.3822,LKR per GBP,business_daily,GBP,,https://www.cbsl.gov.lk/en/rates-and-indicators/exchange-rates/daily-indicative-exchange-rates,"{""inverse_rate"": ""0.0024"", ""latest_group"": ""cbsl_fx"", ""rate_type"": ""indicative""}"
cbsl,gbp_lkr_indicative,GBP/LKR Indicative Exchange Rate,exchange_rate,2026-03-18,,2026-04-01T21:41:47.710797+00:00,415.7284,LKR per GBP,business_daily,GBP,,https://www.cbsl.gov.lk/en/rates-and-indicators/exchange-rates/daily-indicative-exchange-rates,"{""inverse_rate"": ""0.0024"", ""latest_group"": ""cbsl_fx"", ""rate_type"": ""indicative""}"
cbsl,gbp_lkr_indicative,GBP/LKR Indicative Exchange Rate,exchange_rate,2026-03-19,,2026-04-02T21:38:20.272192+00:00,413.9045,LKR per GBP,business_daily,GBP,,https://www.cbsl.gov.lk/en/rates-and-indicators/exchange-rates/daily-indicative-exchange-rates,"{""inverse_rate"": ""0.0024"", ""latest_group"": ""cbsl_fx"", ""rate_type"": ""indicative""}"
cbsl,gbp_lkr_indicative,GBP/LKR Indicative Exchange Rate,exchange_rate,2026-03-20,,2026-04-03T21:34:06.290708+00:00,417.6916,LKR per GBP,business_daily,GBP,,https://www.cbsl.gov.lk/en/rates-and-indicators/exchange-rates/daily-indicative-exchange-rates,"{""inverse_rate"": ""0.0024"", ""latest_group"": ""cbsl_fx"", ""rate_type"": ""indicative""}"
cbsl,gbp_lkr_indicative,GBP/LKR Indicative Exchange Rate,exchange_rate,2026-03-23,,2026-04-06T21:38:11.523186+00:00,415.5592,LKR per GBP,business_daily,GBP,,https://www.cbsl.gov.lk/en/rates-and-indicators/exchange-rates/daily-indicative-exchange-rates,"{""inverse_rate"": ""0.0024"", ""latest_group"": ""cbsl_fx"", ""rate_type"": ""indicative""}"
cbsl,gbp_lkr_indicative,GBP/LKR Indicative Exchange Rate,exchange_rate,2026-03-24,,2026-04-07T21:44:58.811064+00:00,419.5282,LKR per GBP,business_daily,GBP,,https://www.cbsl.gov.lk/en/rates-and-indicators/exchange-rates/daily-indicative-exchange-rates,"{""inverse_rate"": ""0.0024"", ""latest_group"": ""cbsl_fx"", ""rate_type"": ""indicative""}"
cbsl,gbp_lkr_indicative,GBP/LKR Indicative Exchange Rate,exchange_rate,2026-03-25,,2026-04-08T21:41:23.241647+00:00,421.2703,LKR per GBP,business_daily,GBP,,https://www.cbsl.gov.lk/en/rates-and-indicators/exchange-rates/daily-indicative-exchange-rates,"{""inverse_rate"": ""0.0024"", ""latest_group"": ""cbsl_fx"", ""rate_type"": ""indicative""}"
cbsl,gbp_lkr_indicative,GBP/LKR Indicative Exchange Rate,exchange_rate,2026-03-26,,2026-04-09T21:45:41.566202+00:00,418.8168,LKR per GBP,business_daily,GBP,,https://www.cbsl.gov.lk/en/rates-and-indicators/exchange-rates/daily-indicative-exchange-rates,"{""inverse_rate"": ""0.0024"", ""latest_group"": ""cbsl_fx"", ""rate_type"": ""indicative""}"
cbsl,gbp_lkr_indicative,GBP/LKR Indicative Exchange Rate,exchange_rate,2026-03-27,,2026-04-10T21:37:45.921083+00:00,419.4224,LKR per GBP,business_daily,GBP,,https://www.cbsl.gov.lk/en/rates-and-indicators/exchange-rates/daily-indicative-exchange-rates,"{""inverse_rate"": ""0.0024"", ""latest_group"": ""cbsl_fx"", ""rate_type"": ""indicative""}"
cbsl,gbp_lkr_indicative,GBP/LKR Indicative Exchange Rate,exchange_rate,2026-03-30,,2026-04-13T21:50:59.178237+00:00,417.2100,LKR per GBP,business_daily,GBP,,https://www.cbsl.gov.lk/en/rates-and-indicators/exchange-rates/daily-indicative-exchange-rates,"{""inverse_rate"": ""0.0024"", ""latest_group"": ""cbsl_fx"", ""rate_type"": ""indicative""}"
cbsl,gbp_lkr_indicative,GBP/LKR Indicative Exchange Rate,exchange_rate,2026-03-31,,2026-04-14T21:52:49.576347+00:00,416.3672,LKR per GBP,business_daily,GBP,,https://www.cbsl.gov.lk/en/rates-and-indicators/exchange-rates/daily-indicative-exchange-rates,"{""inverse_rate"": ""0.0024"", ""latest_group"": ""cbsl_fx"", ""rate_type"": ""indicative""}"
cbsl,gbp_lkr_indicative,GBP/LKR Indicative Exchange Rate,exchange_rate,2026-04-02,,2026-04-16T21:42:44.424597+00:00,417.6848,LKR per GBP,business_daily,GBP,,https://www.cbsl.gov.lk/en/rates-and-indicators/exchange-rates/daily-indicative-exchange-rates,"{""inverse_rate"": ""0.0024"", ""latest_group"": ""cbsl_fx"", ""rate_type"": ""indicative""}"
cbsl,gbp_lkr_indicative,GBP/LKR Indicative Exchange Rate,exchange_rate,2026-04-06,,2026-04-20T21:47:51.996381+00:00,416.7475,LKR per GBP,business_daily,GBP,,https://www.cbsl.gov.lk/en/rates-and-indicators/exchange-rates/daily-indicative-exchange-rates,"{""inverse_rate"": ""0.0024"", ""latest_group"": ""cbsl_fx"", ""rate_type"": ""indicative""}"
cbsl,gbp_lkr_indicative,GBP/LKR Indicative Exchange Rate,exchange_rate,2026-04-07,,2026-04-21T21:45:59.640736+00:00,416.8987,LKR per GBP,business_daily,GBP,,https://www.cbsl.gov.lk/en/rates-and-indicators/exchange-rates/daily-indicative-exchange-rates,"{""inverse_rate"": ""0.0024"", ""latest_group"": ""cbsl_fx"", ""rate_type"": ""indicative""}"
cbsl,gbp_lkr_indicative,GBP/LKR Indicative Exchange Rate,exchange_rate,2026-04-08,,2026-04-22T21:51:49.316820+00:00,422.7062,LKR per GBP,business_daily,GBP,,https://www.cbsl.gov.lk/en/rates-and-indicators/exchange-rates/daily-indicative-exchange-rates,"{""inverse_rate"": ""0.0024"", ""latest_group"": ""cbsl_fx"", ""rate_type"": ""indicative""}"
cbsl,gbp_lkr_indicative,GBP/LKR Indicative Exchange Rate,exchange_rate,2026-04-09,,2026-04-23T21:45:58.290777+00:00,422.2968,LKR per GBP,business_daily,GBP,,https://www.cbsl.gov.lk/en/rates-and-indicators/exchange-rates/daily-indicative-exchange-rates,"{""inverse_rate"": ""0.0024"", ""latest_group"": ""cbsl_fx"", ""rate_type"": ""indicative""}"
cbsl,gbp_lkr_indicative,GBP/LKR Indicative Exchange Rate,exchange_rate,2026-04-10,,2026-04-24T21:47:46.212955+00:00,423.4997,LKR per GBP,business_daily,GBP,,https://www.cbsl.gov.lk/en/rates-and-indicators/exchange-rates/daily-indicative-exchange-rates,"{""inverse_rate"": ""0.0024"", ""latest_group"": ""cbsl_fx"", ""rate_type"": ""indicative""}"
cbsl,gbp_lkr_indicative,GBP/LKR Indicative Exchange Rate,exchange_rate,2026-04-15,,2026-04-29T21:58:42.381751+00:00,427.9706,LKR per GBP,business_daily,GBP,,https://www.cbsl.gov.lk/en/rates-and-indicators/exchange-rates/daily-indicative-exchange-rates,"{""inverse_rate"": ""0.0023"", ""latest_group"": ""cbsl_fx"", ""rate_type"": ""indicative""}"
cbsl,gbp_lkr_indicative,GBP/LKR Indicative Exchange Rate,exchange_rate,2026-04-16,,2026-04-30T21:56:01.545335+00:00,428.2261,LKR per GBP,business_daily,GBP,,https://www.cbsl.gov.lk/en/rates-and-indicators/exchange-rates/daily-indicative-exchange-rates,"{""inverse_rate"": ""0.0023"", ""latest_group"": ""cbsl_fx"", ""rate_type"": ""indicative""}"
cbsl,gbp_lkr_indicative,GBP/LKR Indicative Exchange Rate,exchange_rate,2026-04-17,,2026-05-01T21:53:11.866527+00:00,426.7617,LKR per GBP,business_daily,GBP,,https://www.cbsl.gov.lk/en/rates-and-indicators/exchange-rates/daily-indicative-exchange-rates,"{""inverse_rate"": ""0.0023"", ""latest_group"": ""cbsl_fx"", ""rate_type"": ""indicative""}"
cbsl,gbp_lkr_indicative,GBP/LKR Indicative Exchange Rate,exchange_rate,2026-04-20,,2026-05-04T22:00:53.833875+00:00,427.3206,LKR per GBP,business_daily,GBP,,https://www.cbsl.gov.lk/en/rates-and-indicators/exchange-rates/daily-indicative-exchange-rates,"{""inverse_rate"": ""0.0023"", ""latest_group"": ""cbsl_fx"", ""rate_type"": ""indicative""}"
cbsl,gbp_lkr_indicative,GBP/LKR Indicative Exchange Rate,exchange_rate,2026-04-21,,2026-05-05T22:01:01.555588+00:00,427.9909,LKR per GBP,business_daily,GBP,,https://www.cbsl.gov.lk/en/rates-and-indicators/exchange-rates/daily-indicative-exchange-rates,"{""inverse_rate"": ""0.0023"", ""latest_group"": ""cbsl_fx"", ""rate_type"": ""indicative""}"
cbsl,gbp_lkr_indicative,GBP/LKR Indicative Exchange Rate,exchange_rate,2026-04-22,,2026-05-06T21:57:33.415313+00:00,427.6358,LKR per GBP,business_daily,GBP,,https://www.cbsl.gov.lk/en/rates-and-indicators/exchange-rates/daily-indicative-exchange-rates,"{""inverse_rate"": ""0.0023"", ""latest_group"": ""cbsl_fx"", ""rate_type"": ""indicative""}"
cbsl,gbp_lkr_indicative,GBP/LKR Indicative Exchange Rate,exchange_rate,2026-04-23,,2026-05-07T21:58:14.512773+00:00,427.5569,LKR per GBP,business_daily,GBP,,https://www.cbsl.gov.lk/en/rates-and-indicators/exchange-rates/daily-indicative-exchange-rates,"{""inverse_rate"": ""0.0023"", ""latest_group"": ""cbsl_fx"", ""rate_type"": ""indicative""}"
cbsl,gbp_lkr_indicative,GBP/LKR Indicative Exchange Rate,exchange_rate,2026-04-24,,2026-05-08T21:58:56.901647+00:00,426.9753,LKR per GBP,business_daily,GBP,,https://www.cbsl.gov.lk/en/rates-and-indicators/exchange-rates/daily-indicative-exchange-rates,"{""inverse_rate"": ""0.0023"", ""latest_group"": ""cbsl_fx"", ""rate_type"": ""indicative""}"
cbsl,gbp_lkr_indicative,GBP/LKR Indicative Exchange Rate,exchange_rate,2026-04-27,,2026-05-11T22:07:38.325157+00:00,430.0111,LKR per GBP,business_daily,GBP,,https://www.cbsl.gov.lk/en/rates-and-indicators/exchange-rates/daily-indicative-exchange-rates,"{""inverse_rate"": ""0.0023"", ""latest_group"": ""cbsl_fx"", ""rate_type"": ""indicative""}"
cbsl,gbp_lkr_indicative,GBP/LKR Indicative Exchange Rate,exchange_rate,2026-04-28,,2026-05-12T22:11:38.215775+00:00,429.9514,LKR per GBP,business_daily,GBP,,https://www.cbsl.gov.lk/en/rates-and-indicators/exchange-rates/daily-indicative-exchange-rates,"{""inverse_rate"": ""0.0023"", ""latest_group"": ""cbsl_fx"", ""rate_type"": ""indicative""}"
cbsl,gbp_lkr_indicative,GBP/LKR Indicative Exchange Rate,exchange_rate,2026-04-29,,2026-05-13T22:12:14.854277+00:00,430.8423,LKR per GBP,business_daily,GBP,,https://www.cbsl.gov.lk/en/rates-and-indicators/exchange-rates/daily-indicative-exchange-rates,"{""inverse_rate"": ""0.0023"", ""latest_group"": ""cbsl_fx"", ""rate_type"": ""indicative""}"
cbsl,gbp_lkr_indicative,GBP/LKR Indicative Exchange Rate,exchange_rate,2026-04-30,,2026-05-14T22:11:49.898735+00:00,430.4189,LKR per GBP,business_daily,GBP,,https://www.cbsl.gov.lk/en/rates-and-indicators/exchange-rates/daily-indicative-exchange-rates,"{""inverse_rate"": ""0.0023"", ""latest_group"": ""cbsl_fx"", ""rate_type"": ""indicative""}"
cbsl,gbp_lkr_indicative,GBP/LKR Indicative Exchange Rate,exchange_rate,2026-05-04,,2026-05-18T22:02:54.486583+00:00,434.4679,LKR per GBP,business_daily,GBP,,https://www.cbsl.gov.lk/en/rates-and-indicators/exchange-rates/daily-indicative-exchange-rates,"{""inverse_rate"": ""0.0023"", ""latest_group"": ""cbsl_fx"", ""rate_type"": ""indicative""}"
cbsl,gbp_lkr_indicative,GBP/LKR Indicative Exchange Rate,exchange_rate,2026-05-05,,2026-05-19T22:16:42.624098+00:00,432.3091,LKR per GBP,business_daily,GBP,,https://www.cbsl.gov.lk/en/rates-and-indicators/exchange-rates/daily-indicative-exchange-rates,"{""inverse_rate"": ""0.0023"", ""latest_group"": ""cbsl_fx"", ""rate_type"": ""indicative""}"
cbsl,gbp_lkr_indicative,GBP/LKR Indicative Exchange Rate,exchange_rate,2026-05-06,,2026-05-20T22:24:00.735871+00:00,433.9812,LKR per GBP,business_daily,GBP,,https://www.cbsl.gov.lk/en/rates-and-indicators/exchange-rates/daily-indicative-exchange-rates,"{""inverse_rate"": ""0.0023"", ""latest_group"": ""cbsl_fx"", ""rate_type"": ""indicative""}"
cbsl,gbp_lkr_indicative,GBP/LKR Indicative Exchange Rate,exchange_rate,2026-05-07,,2026-05-21T22:19:05.358230+00:00,435.9102,LKR per GBP,business_daily,GBP,,https://www.cbsl.gov.lk/en/rates-and-indicators/exchange-rates/daily-indicative-exchange-rates,"{""inverse_rate"": ""0.0023"", ""latest_group"": ""cbsl_fx"", ""rate_type"": ""indicative""}"
cbsl,gbp_lkr_indicative,GBP/LKR Indicative Exchange Rate,exchange_rate,2026-05-08,,2026-05-22T22:08:04.757365+00:00,436.0362,LKR per GBP,business_daily,GBP,,https://www.cbsl.gov.lk/en/rates-and-indicators/exchange-rates/daily-indicative-exchange-rates,"{""inverse_rate"": ""0.0023"", ""latest_group"": ""cbsl_fx"", ""rate_type"": ""indicative""}"
cbsl,gbp_lkr_indicative,GBP/LKR Indicative Exchange Rate,exchange_rate,2026-05-11,,2026-05-25T22:08:21.566123+00:00,437.6491,LKR per GBP,business_daily,GBP,,https://www.cbsl.gov.lk/en/rates-and-indicators/exchange-rates/daily-indicative-exchange-rates,"{""inverse_rate"": ""0.0023"", ""latest_group"": ""cbsl_fx"", ""rate_type"": ""indicative""}"
cbsl,gbp_lkr_indicative,GBP/LKR Indicative Exchange Rate,exchange_rate,2026-05-12,,2026-05-26T22:19:03.580727+00:00,437.5394,LKR per GBP,business_daily,GBP,,https://www.cbsl.gov.lk/en/rates-and-indicators/exchange-rates/daily-indicative-exchange-rates,"{""inverse_rate"": ""0.0023"", ""latest_group"": ""cbsl_fx"", ""rate_type"": ""indicative""}"
cbsl,gbp_lkr_indicative,GBP/LKR Indicative Exchange Rate,exchange_rate,2026-05-13,,2026-05-27T22:40:54.143613+00:00,436.3312,LKR per GBP,business_daily,GBP,,https://www.cbsl.gov.lk/en/rates-and-indicators/exchange-rates/daily-indicative-exchange-rates,"{""inverse_rate"": ""0.0023"", ""latest_group"": ""cbsl_fx"", ""rate_type"": ""indicative""}"
cbsl,gbp_lkr_indicative,GBP/LKR Indicative Exchange Rate,exchange_rate,2026-05-14,,2026-05-28T22:41:25.386930+00:00,438.1540,LKR per GBP,business_daily,GBP,,https://www.cbsl.gov.lk/en/rates-and-indicators/exchange-rates/daily-indicative-exchange-rates,"{""inverse_rate"": ""0.0023"", ""latest_group"": ""cbsl_fx"", ""rate_type"": ""indicative""}"
cbsl,gbp_lkr_indicative,GBP/LKR Indicative Exchange Rate,exchange_rate,2026-05-15,,2026-05-29T22:28:36.910016+00:00,434.1160,LKR per GBP,business_daily,GBP,,https://www.cbsl.gov.lk/en/rates-and-indicators/exchange-rates/daily-indicative-exchange-rates,"{""inverse_rate"": ""0.0023"", ""latest_group"": ""cbsl_fx"", ""rate_type"": ""indicative""}"
cbsl,gbp_lkr_indicative,GBP/LKR Indicative Exchange Rate,exchange_rate,2026-05-18,,2026-06-01T21:33:04.378317+00:00,433.4990,LKR per GBP,business_daily,GBP,,https://www.cbsl.gov.lk/en/rates-and-indicators/exchange-rates/daily-indicative-exchange-rates,"{""inverse_rate"": ""0.0023"", ""latest_group"": ""cbsl_fx"", ""rate_type"": ""indicative""}"
cbsl,gbp_lkr_indicative,GBP/LKR Indicative Exchange Rate,exchange_rate,2026-05-19,,2026-06-02T23:02:53.722009+00:00,438.5975,LKR per GBP,business_daily,GBP,,https://www.cbsl.gov.lk/en/rates-and-indicators/exchange-rates/daily-indicative-exchange-rates,"{""inverse_rate"": ""0.0023"", ""latest_group"": ""cbsl_fx"", ""rate_type"": ""indicative""}"
cbsl,gbp_lkr_indicative,GBP/LKR Indicative Exchange Rate,exchange_rate,2026-05-20,,2026-06-03T23:05:40.554357+00:00,439.4883,LKR per GBP,business_daily,GBP,,https://www.cbsl.gov.lk/en/rates-and-indicators/exchange-rates/daily-indicative-exchange-rates,"{""inverse_rate"": ""0.0023"", ""latest_group"": ""cbsl_fx"", ""rate_type"": ""indicative""}"
cbsl,gbp_lkr_indicative,GBP/LKR Indicative Exchange Rate,exchange_rate,2026-05-21,,2026-06-04T22:21:31.238044+00:00,442.5702,LKR per GBP,business_daily,GBP,,https://www.cbsl.gov.lk/en/rates-and-indicators/exchange-rates/daily-indicative-exchange-rates,"{""inverse_rate"": ""0.0023"", ""latest_group"": ""cbsl_fx"", ""rate_type"": ""indicative""}"
cbsl,gbp_lkr_indicative,GBP/LKR Indicative Exchange Rate,exchange_rate,2026-05-22,,2026-06-05T22:14:40.323696+00:00,448.4517,LKR per GBP,business_daily,GBP,,https://www.cbsl.gov.lk/en/rates-and-indicators/exchange-rates/daily-indicative-exchange-rates,"{""inverse_rate"": ""0.0022"", ""latest_group"": ""cbsl_fx"", ""rate_type"": ""indicative""}"
cbsl,gbp_lkr_indicative,GBP/LKR Indicative Exchange Rate,exchange_rate,2026-05-25,,2026-06-08T22:26:58.587223+00:00,454.1504,LKR per GBP,business_daily,GBP,,https://www.cbsl.gov.lk/en/rates-and-indicators/exchange-rates/daily-indicative-exchange-rates,"{""inverse_rate"": ""0.0022"", ""latest_group"": ""cbsl_fx"", ""rate_type"": ""indicative""}"
cbsl,gbp_lkr_indicative,GBP/LKR Indicative Exchange Rate,exchange_rate,2026-05-26,,2026-06-09T22:23:49.916816+00:00,438.4818,LKR per GBP,business_daily,GBP,,https://www.cbsl.gov.lk/en/rates-and-indicators/exchange-rates/daily-indicative-exchange-rates,"{""inverse_rate"": ""0.0023"", ""latest_group"": ""cbsl_fx"", ""rate_type"": ""indicative""}"
cbsl,gbp_lkr_indicative,GBP/LKR Indicative Exchange Rate,exchange_rate,2026-05-27,,2026-06-10T22:50:55.263525+00:00,434.4289,LKR per GBP,business_daily,GBP,,https://www.cbsl.gov.lk/en/rates-and-indicators/exchange-rates/daily-indicative-exchange-rates,"{""inverse_rate"": ""0.0023"", ""latest_group"": ""cbsl_fx"", ""rate_type"": ""indicative""}"
cbsl,gbp_lkr_indicative,GBP/LKR Indicative Exchange Rate,exchange_rate,2026-05-29,,2026-06-12T22:25:01.042754+00:00,440.6235,LKR per GBP,business_daily,GBP,,https://www.cbsl.gov.lk/en/rates-and-indicators/exchange-rates/daily-indicative-exchange-rates,"{""inverse_rate"": ""0.0023"", ""latest_group"": ""cbsl_fx"", ""rate_type"": ""indicative""}"
cbsl,gbp_lkr_indicative,GBP/LKR Indicative Exchange Rate,exchange_rate,2026-06-01,,2026-06-15T23:02:44.145539+00:00,442.9381,LKR per GBP,business_daily,GBP,,https://www.cbsl.gov.lk/en/rates-and-indicators/exchange-rates/daily-indicative-exchange-rates,"{""inverse_rate"": ""0.0023"", ""latest_group"": ""cbsl_fx"", ""rate_type"": ""indicative""}"
cbsl,gbp_lkr_indicative,GBP/LKR Indicative Exchange Rate,exchange_rate,2026-06-02,,2026-06-16T22:52:51.556520+00:00,446.1707,LKR per GBP,business_daily,GBP,,https://www.cbsl.gov.lk/en/rates-and-indicators/exchange-rates/daily-indicative-exchange-rates,"{""inverse_rate"": ""0.0022"", ""latest_group"": ""cbsl_fx"", ""rate_type"": ""indicative""}"
cbsl,gbp_lkr_indicative,GBP/LKR Indicative Exchange Rate,exchange_rate,2026-06-03,,2026-06-17T22:45:18.281147+00:00,447.3204,LKR per GBP,business_daily,GBP,,https://www.cbsl.gov.lk/en/rates-and-indicators/exchange-rates/daily-indicative-exchange-rates,"{""inverse_rate"": ""0.0022"", ""latest_group"": ""cbsl_fx"", ""rate_type"": ""indicative""}"
cbsl,gbp_lkr_indicative,GBP/LKR Indicative Exchange Rate,exchange_rate,2026-06-04,,2026-06-18T22:55:44.841018+00:00,449.1870,LKR per GBP,business_daily,GBP,,https://www.cbsl.gov.lk/en/rates-and-indicators/exchange-rates/daily-indicative-exchange-rates,"{""inverse_rate"": ""0.0022"", ""latest_group"": ""cbsl_fx"", ""rate_type"": ""indicative""}"
cbsl,gbp_lkr_indicative,GBP/LKR Indicative Exchange Rate,exchange_rate,2026-06-05,,2026-06-19T22:03:59.711100+00:00,451.3997,LKR per GBP,business_daily,GBP,,https://www.cbsl.gov.lk/en/rates-and-indicators/exchange-rates/daily-indicative-exchange-rates,"{""inverse_rate"": ""0.0022"", ""latest_group"": ""cbsl_fx"", ""rate_type"": ""indicative""}"
cbsl,gbp_lkr_indicative,GBP/LKR Indicative Exchange Rate,exchange_rate,2026-06-08,,2026-06-22T22:47:36.038711+00:00,448.6492,LKR per GBP,business_daily,GBP,,https://www.cbsl.gov.lk/en/rates-and-indicators/exchange-rates/daily-indicative-exchange-rates,"{""inverse_rate"": ""0.0022"", ""latest_group"": ""cbsl_fx"", ""rate_type"": ""indicative""}"
cbsl,gbp_lkr_indicative,GBP/LKR Indicative Exchange Rate,exchange_rate,2026-06-09,,2026-06-23T22:13:16.031903+00:00,449.6583,LKR per GBP,business_daily,GBP,,https://www.cbsl.gov.lk/en/rates-and-indicators/exchange-rates/daily-indicative-exchange-rates,"{""inverse_rate"": ""0.0022"", ""latest_group"": ""cbsl_fx"", ""rate_type"": ""indicative""}"
cbsl,gbp_lkr_indicative,GBP/LKR Indicative Exchange Rate,exchange_rate,2026-06-10,,2026-06-24T22:17:35.390484+00:00,451.7860,LKR per GBP,business_daily,GBP,,https://www.cbsl.gov.lk/en/rates-and-indicators/exchange-rates/daily-indicative-exchange-rates,"{""inverse_rate"": ""0.0022"", ""latest_group"": ""cbsl_fx"", ""rate_type"": ""indicative""}"
cbsl,gbp_lkr_indicative,GBP/LKR Indicative Exchange Rate,exchange_rate,2026-06-11,,2026-06-25T22:21:02.171149+00:00,442.8442,LKR per GBP,business_daily,GBP,,https://www.cbsl.gov.lk/en/rates-and-indicators/exchange-rates/daily-indicative-exchange-rates,"{""inverse_rate"": ""0.0023"", ""latest_group"": ""cbsl_fx"", ""rate_type"": ""indicative""}"
cbsl,gbp_lkr_indicative,GBP/LKR Indicative Exchange Rate,exchange_rate,2026-06-12,,2026-06-26T22:13:02.819866+00:00,446.8761,LKR per GBP,business_daily,GBP,,https://www.cbsl.gov.lk/en/rates-and-indicators/exchange-rates/daily-indicative-exchange-rates,"{""inverse_rate"": ""0.0022"", ""latest_group"": ""cbsl_fx"", ""rate_type"": ""indicative""}"
cbsl,gbp_lkr_indicative,GBP/LKR Indicative Exchange Rate,exchange_rate,2026-06-15,,2026-06-29T22:07:54.191585+00:00,451.7366,LKR per GBP,business_daily,GBP,,https://www.cbsl.gov.lk/en/rates-and-indicators/exchange-rates/daily-indicative-exchange-rates,"{""inverse_rate"": ""0.0022"", ""latest_group"": ""cbsl_fx"", ""rate_type"": ""indicative""}"
cbsl,gbp_lkr_indicative,GBP/LKR Indicative Exchange Rate,exchange_rate,2026-06-16,,2026-06-30T22:15:02.784489+00:00,444.3956,LKR per GBP,business_daily,GBP,,https://www.cbsl.gov.lk/en/rates-and-indicators/exchange-rates/daily-indicative-exchange-rates,"{""inverse_rate"": ""0.0023"", ""latest_group"": ""cbsl_fx"", ""rate_type"": ""indicative""}"
cbsl,gbp_lkr_indicative,GBP/LKR Indicative Exchange Rate,exchange_rate,2026-06-17,,2026-07-01T22:17:19.126891+00:00,449.3791,LKR per GBP,business_daily,GBP,,https://www.cbsl.gov.lk/en/rates-and-indicators/exchange-rates/daily-indicative-exchange-rates,"{""inverse_rate"": ""0.0022"", ""latest_group"": ""cbsl_fx"", ""rate_type"": ""indicative""}"
cbsl,gbp_lkr_indicative,GBP/LKR Indicative Exchange Rate,exchange_rate,2026-06-18,,2026-07-02T22:05:58.253435+00:00,444.5258,LKR per GBP,business_daily,GBP,,https://www.cbsl.gov.lk/en/rates-and-indicators/exchange-rates/daily-indicative-exchange-rates,"{""inverse_rate"": ""0.0022"", ""latest_group"": ""cbsl_fx"", ""rate_type"": ""indicative""}"
cbsl,gbp_lkr_indicative,GBP/LKR Indicative Exchange Rate,exchange_rate,2026-06-19,,2026-07-03T22:04:09.812403+00:00,441.3869,LKR per GBP,business_daily,GBP,,https://www.cbsl.gov.lk/en/rates-and-indicators/exchange-rates/daily-indicative-exchange-rates,"{""inverse_rate"": ""0.0023"", ""latest_group"": ""cbsl_fx"", ""rate_type"": ""indicative""}"
cbsl,gbp_lkr_indicative,GBP/LKR Indicative Exchange Rate,exchange_rate,2026-06-22,,2026-07-06T22:13:30.666828+00:00,441.2368,LKR per GBP,business_daily,GBP,,https://www.cbsl.gov.lk/en/rates-and-indicators/exchange-rates/daily-indicative-exchange-rates,"{""inverse_rate"": ""0.0023"", ""latest_group"": ""cbsl_fx"", ""rate_type"": ""indicative""}"
cbsl,gbp_lkr_indicative,GBP/LKR Indicative Exchange Rate,exchange_rate,2026-06-23,,2026-07-07T22:10:52.957568+00:00,443.2036,LKR per GBP,business_daily,GBP,,https://www.cbsl.gov.lk/en/rates-and-indicators/exchange-rates/daily-indicative-exchange-rates,"{""inverse_rate"": ""0.0023"", ""latest_group"": ""cbsl_fx"", ""rate_type"": ""indicative""}"
cbsl,gbp_lkr_indicative,GBP/LKR Indicative Exchange Rate,exchange_rate,2026-06-24,,2026-07-08T22:05:21.700392+00:00,442.0028,LKR per GBP,business_daily,GBP,,https://www.cbsl.gov.lk/en/rates-and-indicators/exchange-rates/daily-indicative-exchange-rates,"{""inverse_rate"": ""0.0023"", ""latest_group"": ""cbsl_fx"", ""rate_type"": ""indicative""}"
cbsl,gbp_lkr_indicative,GBP/LKR Indicative Exchange Rate,exchange_rate,2026-06-25,,2026-07-09T22:27:41.223110+00:00,443.5613,LKR per GBP,business_daily,GBP,,https://www.cbsl.gov.lk/en/rates-and-indicators/exchange-rates/daily-indicative-exchange-rates,"{""inverse_rate"": ""0.0023"", ""latest_group"": ""cbsl_fx"", ""rate_type"": ""indicative""}"
cbsl,gbp_lkr_indicative,GBP/LKR Indicative Exchange Rate,exchange_rate,2026-06-26,,2026-07-10T22:02:31.098220+00:00,444.3239,LKR per GBP,business_daily,GBP,,https://www.cbsl.gov.lk/en/rates-and-indicators/exchange-rates/daily-indicative-exchange-rates,"{""inverse_rate"": ""0.0023"", ""latest_group"": ""cbsl_fx"", ""rate_type"": ""indicative""}"
cbsl,gbp_lkr_indicative,GBP/LKR Indicative Exchange Rate,exchange_rate,2026-06-30,,2026-07-14T21:57:28.966793+00:00,445.6062,LKR per GBP,business_daily,GBP,,https://www.cbsl.gov.lk/en/rates-and-indicators/exchange-rates/daily-indicative-exchange-rates,"{""inverse_rate"": ""0.0022"", ""latest_group"": ""cbsl_fx"", ""rate_type"": ""indicative""}"
cbsl,gbp_lkr_indicative,GBP/LKR Indicative Exchange Rate,exchange_rate,2026-07-01,,2026-07-15T22:00:08.539654+00:00,445.0216,LKR per GBP,business_daily,GBP,,https://www.cbsl.gov.lk/en/rates-and-indicators/exchange-rates/daily-indicative-exchange-rates,"{""inverse_rate"": ""0.0022"", ""latest_group"": ""cbsl_fx"", ""rate_type"": ""indicative""}"
cbsl,gbp_lkr_indicative,GBP/LKR Indicative Exchange Rate,exchange_rate,2026-07-02,,2026-07-16T22:03:30.185168+00:00,446.9266,LKR per GBP,business_daily,GBP,,https://www.cbsl.gov.lk/en/rates-and-indicators/exchange-rates/daily-indicative-exchange-rates,"{""inverse_rate"": ""0.0022"", ""latest_group"": ""cbsl_fx"", ""rate_type"": ""indicative""}"
cbsl,gbp_lkr_indicative,GBP/LKR Indicative Exchange Rate,exchange_rate,2026-07-03,,2026-07-17T21:53:59.121362+00:00,449.1058,LKR per GBP,business_daily,GBP,,https://www.cbsl.gov.lk/en/rates-and-indicators/exchange-rates/daily-indicative-exchange-rates,"{""inverse_rate"": ""0.0022"", ""latest_group"": ""cbsl_fx"", ""rate_type"": ""indicative""}"
cbsl,gbp_lkr_indicative,GBP/LKR Indicative Exchange Rate,exchange_rate,2026-07-06,,2026-07-20T21:59:36.379386+00:00,447.2644,LKR per GBP,business_daily,GBP,,https://www.cbsl.gov.lk/en/rates-and-indicators/exchange-rates/daily-indicative-exchange-rates,"{""inverse_rate"": ""0.0022"", ""latest_group"": ""cbsl_fx"", ""rate_type"": ""indicative""}"
cbsl,gbp_lkr_indicative,GBP/LKR Indicative Exchange Rate,exchange_rate,2026-07-07,,2026-07-21T22:03:16.201583+00:00,448.5977,LKR per GBP,business_daily,GBP,,https://www.cbsl.gov.lk/en/rates-and-indicators/exchange-rates/daily-indicative-exchange-rates,"{""inverse_rate"": ""0.0022"", ""latest_group"": ""cbsl_fx"", ""rate_type"": ""indicative""}"
cbsl,gbp_lkr_indicative,GBP/LKR Indicative Exchange Rate,exchange_rate,2026-07-08,,2026-07-22T22:03:12.927321+00:00,446.9755,LKR per GBP,business_daily,GBP,,https://www.cbsl.gov.lk/en/rates-and-indicators/exchange-rates/daily-indicative-exchange-rates,"{""inverse_rate"": ""0.0022"", ""latest_group"": ""cbsl_fx"", ""rate_type"": ""indicative""}"
cbsl,gbp_lkr_indicative,GBP/LKR Indicative Exchange Rate,exchange_rate,2026-07-09,,2026-07-23T22:03:35.129154+00:00,449.4808,LKR per GBP,business_daily,GBP,,https://www.cbsl.gov.lk/en/rates-and-indicators/exchange-rates/daily-indicative-exchange-rates,"{""inverse_rate"": ""0.0022"", ""latest_group"": ""cbsl_fx"", ""rate_type"": ""indicative""}"
cbsl,gbp_lkr_indicative,GBP/LKR Indicative Exchange Rate,exchange_rate,2026-07-10,,2026-07-24T22:04:11.196269+00:00,452.3280,LKR per GBP,business_daily,GBP,,https://www.cbsl.gov.lk/en/rates-and-indicators/exchange-rates/daily-indicative-exchange-rates,"{""inverse_rate"": ""0.0022"", ""latest_group"": ""cbsl_fx"", ""rate_type"": ""indicative""}"
cbsl,gbp_lkr_indicative,GBP/LKR Indicative Exchange Rate,exchange_rate,2026-07-13,,2026-07-27T22:06:39.931423+00:00,449.2120,LKR per GBP,business_daily,GBP,,https://www.cbsl.gov.lk/en/rates-and-indicators/exchange-rates/daily-indicative-exchange-rates,"{""inverse_rate"": ""0.0022"", ""latest_group"": ""cbsl_fx"", ""rate_type"": ""indicative""}"
cbsl,gbp_lkr_indicative,GBP/LKR Indicative Exchange Rate,exchange_rate,2026-07-14,,2026-07-28T22:04:11.361555+00:00,449.1592,LKR per GBP,business_daily,GBP,,https://www.cbsl.gov.lk/en/rates-and-indicators/exchange-rates/daily-indicative-exchange-rates,"{""inverse_rate"": ""0.0022"", ""latest_group"": ""cbsl_fx"", ""rate_type"": ""indicative""}"
cbsl,gbp_lkr_indicative,GBP/LKR Indicative Exchange Rate,exchange_rate,2026-07-15,,2026-07-29T22:01:21.458993+00:00,450.6843,LKR per GBP,business_daily,GBP,,https://www.cbsl.gov.lk/en/rates-and-indicators/exchange-rates/daily-indicative-exchange-rates,"{""inverse_rate"": ""0.0022"", ""latest_group"": ""cbsl_fx"", ""rate_type"": ""indicative""}"
cbsl,gbp_lkr_indicative,GBP/LKR Indicative Exchange Rate,exchange_rate,2026-07-16,,2026-07-30T22:05:03.398876+00:00,454.9746,LKR per GBP,business_daily,GBP,,https://www.cbsl.gov.lk/en/rates-and-indicators/exchange-rates/daily-indicative-exchange-rates,"{""inverse_rate"": ""0.0022"", ""latest_group"": ""cbsl_fx"", ""rate_type"": ""indicative""}"
cbsl,gbp_lkr_indicative,GBP/LKR Indicative Exchange Rate,exchange_rate,2026-07-17,,2026-07-31T22:05:31.670738+00:00,452.8690,LKR per GBP,business_daily,GBP,,https://www.cbsl.gov.lk/en/rates-and-indicators/exchange-rates/daily-indicative-exchange-rates,"{""inverse_rate"": ""0.0022"", ""latest_group"": ""cbsl_fx"", ""rate_type"": ""indicative""}"
cbsl,gbp_lkr_indicative,GBP/LKR Indicative Exchange Rate,exchange_rate,2026-07-20,,2026-08-03T22:08:28.066221+00:00,452.5348,LKR per GBP,business_daily,GBP,,https://www.cbsl.gov.lk/en/rates-and-indicators/exchange-rates/daily-indicative-exchange-rates,"{""inverse_rate"": ""0.0022"", ""latest_group"": ""cbsl_fx"", ""rate_type"": ""indicative""}"
cbsl,gbp_lkr_indicative,GBP/LKR Indicative Exchange Rate,exchange_rate,2026-07-21,,2026-08-04T22:11:10.062666+00:00,451.7416,LKR per GBP,business_daily,GBP,,https://www.cbsl.gov.lk/en/rates-and-indicators/exchange-rates/daily-indicative-exchange-rates,"{""inverse_rate"": ""0.0022"", ""latest_group"": ""cbsl_fx"", ""rate_type"": ""indicative""}"
cbsl,gbp_lkr_indicative,GBP/LKR Indicative Exchange Rate,exchange_rate,2026-07-22,,2026-08-05T22:12:00.179178+00:00,450.3089,LKR per GBP,business_daily,GBP,,https://www.cbsl.gov.lk/en/rates-and-indicators/exchange-rates/daily-indicative-exchange-rates,"{""inverse_rate"": ""0.0022"", ""latest_group"": ""cbsl_fx"", ""rate_type"": ""indicative""}"
cbsl,gbp_lkr_indicative,GBP/LKR Indicative Exchange Rate,exchange_rate,2026-07-23,,2026-08-06T23:58:20.975545+00:00,450.2596,LKR per GBP,business_daily,GBP,,https://www.cbsl.gov.lk/en/rates-and-indicators/exchange-rates/daily-indicative-exchange-rates,"{""inverse_rate"": ""0.0022"", ""latest_group"": ""cbsl_fx"", ""rate_type"": ""indicative""}"
cbsl,gbp_lkr_indicative,GBP/LKR Indicative Exchange Rate,exchange_rate,2026-07-24,,2026-08-07T21:38:27.160083+00:00,447.8615,LKR per GBP,business_daily,GBP,,https://www.cbsl.gov.lk/en/rates-and-indicators/exchange-rates/daily-indicative-exchange-rates,"{""inverse_rate"": ""0.0022"", ""latest_group"": ""cbsl_fx"", ""rate_type"": ""indicative""}"
cbsl,gbp_lkr_indicative,GBP/LKR Indicative Exchange Rate,exchange_rate,2026-07-27,,2026-08-10T21:40:36.779234+00:00,449.2344,LKR per GBP,business_daily,GBP,,https://www.cbsl.gov.lk/en/rates-and-indicators/exchange-rates/daily-indicative-exchange-rates,"{""inverse_rate"": ""0.0022"", ""latest_group"": ""cbsl_fx"", ""rate_type"": ""indicative""}"
cbsl,gbp_lkr_indicative,GBP/LKR Indicative Exchange Rate,exchange_rate,2026-07-28,,2026-08-11T21:45:35.505785+00:00,446.9787,LKR per GBP,business_daily,GBP,,https://www.cbsl.gov.lk/en/rates-and-indicators/exchange-rates/daily-indicative-exchange-rates,"{""inverse_rate"": ""0.0022"", ""latest_group"": ""cbsl_fx"", ""rate_type"": ""indicative""}"
cbsl,gbp_lkr_indicative,GBP/LKR Indicative Exchange Rate,exchange_rate,2026-07-30,,2026-08-13T21:43:39.427947+00:00,448.7647,LKR per GBP,business_daily,GBP,,https://www.cbsl.gov.lk/en/rates-and-indicators/exchange-rates/daily-indicative-exchange-rates,"{""inverse_rate"": ""0.0022"", ""latest_group"": ""cbsl_fx"", ""rate_type"": ""indicative""}"
cbsl,gbp_lkr_indicative,GBP/LKR Indicative Exchange Rate,exchange_rate,2026-07-31,,2026-08-14T21:24:09.601118+00:00,452.1507,LKR per GBP,business_daily,GBP,,https://www.cbsl.gov.lk/en/rates-and-indicators/exchange-rates/daily-indicative-exchange-rates,"{""inverse_rate"": ""0.0022"", ""latest_group"": ""cbsl_fx"", ""rate_type"": ""indicative""}"
cbsl,gbp_lkr_indicative,GBP/LKR Indicative Exchange Rate,exchange_rate,2026-08-03,,2026-08-17T21:25:31.894880+00:00,452.3596,LKR per GBP,business_daily,GBP,,https://www.cbsl.gov.lk/en/rates-and-indicators/exchange-rates/daily-indicative-exchange-rates,"{""inverse_rate"": ""0.0022"", ""latest_group"": ""cbsl_fx"", ""rate_type"": ""indicative""}"
cbsl,gbp_lkr_indicative,GBP/LKR Indicative Exchange Rate,exchange_rate,2026-08-04,,2026-08-18T21:23:27.814066+00:00,450.8012,LKR per GBP,business_daily,GBP,,https://www.cbsl.gov.lk/en/rates-and-indicators/exchange-rates/daily-indicative-exchange-rates,"{""inverse_rate"": ""0.0022"", ""latest_group"": ""cbsl_fx"", ""rate_type"": ""indicative""}"
cbsl,gbp_lkr_indicative,GBP/LKR Indicative Exchange Rate,exchange_rate,2026-08-05,,2026-08-19T21:25:45.085025+00:00,451.5883,LKR per GBP,business_daily,GBP,,https://www.cbsl.gov.lk/en/rates-and-indicators/exchange-rates/daily-indicative-exchange-rates,"{""inverse_rate"": ""0.0022"", ""latest_group"": ""cbsl_fx"", ""rate_type"": ""indicative""}"
cbsl,gbp_lkr_indicative,GBP/LKR Indicative Exchange Rate,exchange_rate,2026-08-06,,2026-08-20T21:27:29.958987+00:00,452.0180,LKR per GBP,business_daily,GBP,,https://www.cbsl.gov.lk/en/rates-and-indicators/exchange-rates/daily-indicative-exchange-rates,"{""inverse_rate"": ""0.0022"", ""latest_group"": ""cbsl_fx"", ""rate_type"": ""indicative""}"
cbsl,gbp_lkr_indicative,GBP/LKR Indicative Exchange Rate,exchange_rate,2026-08-07,,2026-08-21T21:23:34.742531+00:00,451.2831,LKR per GBP,business_daily,GBP,,https://www.cbsl.gov.lk/en/rates-and-indicators/exchange-rates/daily-indicative-exchange-rates,"{""inverse_rate"": ""0.0022"", ""latest_group"": ""cbsl_fx"", ""rate_type"": ""indicative""}"
cbsl,gbp_lkr_indicative,GBP/LKR Indicative Exchange Rate,exchange_rate,2026-08-10,,2026-08-24T21:28:00.553783+00:00,452.4606,LKR per GBP,business_daily,GBP,,https://www.cbsl.gov.lk/en/rates-and-indicators/exchange-rates/daily-indicative-exchange-rates,"{""inverse_rate"": ""0.0022"", ""latest_group"": ""cbsl_fx"", ""rate_type"": ""indicative""}"
cbsl,gbp_lkr_indicative,GBP/LKR Indicative Exchange Rate,exchange_rate,2026-08-11,,2026-08-25T21:27:27.948249+00:00,452.7591,LKR per GBP,business_daily,GBP,,https://www.cbsl.gov.lk/en/rates-and-indicators/exchange-rates/daily-indicative-exchange-rates,"{""inverse_rate"": ""0.0022"", ""latest_group"": ""cbsl_fx"", ""rate_type"": ""indicative""}"
cbsl,gbp_lkr_indicative,GBP/LKR Indicative Exchange Rate,exchange_rate,2026-08-12,,2026-08-26T19:46:08.734150+00:00,452.1298,LKR per GBP,business_daily,GBP,,https://www.cbsl.gov.lk/en/rates-and-indicators/exchange-rates/daily-indicative-exchange-rates,"{""inverse_rate"": ""0.0022"", ""latest_group"": ""cbsl_fx"", ""rate_type"": ""indicative""}"
cbsl,gbp_lkr_indicative,GBP/LKR Indicative Exchange Rate,exchange_rate,2026-08-13,,2026-08-27T13:50:02.167488+00:00,450.9837,LKR per GBP,business_daily,GBP,,https://www.cbsl.gov.lk/en/rates-and-indicators/exchange-rates/daily-indicative-exchange-rates,"{""inverse_rate"": ""0.0022"", ""latest_group"": ""cbsl_fx"", ""rate_type"": ""indicative""}"
cbsl,gbp_lkr_indicative,GBP/LKR Indicative Exchange Rate,exchange_rate,2026-08-14,,2026-08-28T23:53:32.576113+00:00,450.0533,LKR per GBP,business_daily,GBP,,https://www.cbsl.gov.lk/en/rates-and-indicators/exchange-rates/daily-indicative-exchange-rates,"{""inverse_rate"": ""0.0022"", ""latest_group"": ""cbsl_fx"", ""rate_type"": ""indicative""}"
cbsl,gbp_lkr_indicative,GBP/LKR Indicative Exchange Rate,exchange_rate,2026-08-17,,2026-08-31T20:40:48.096794+00:00,451.4973,LKR per GBP,business_daily,GBP,,https://www.cbsl.gov.lk/en/rates-and-indicators/exchange-rates/daily-indicative-exchange-rates,"{""inverse_rate"": ""0.0022"", ""latest_group"": ""cbsl_fx"", ""rate_type"": ""indicative""}"
cbsl,gbp_lkr_indicative,GBP/LKR Indicative Exchange Rate,exchange_rate,2026-08-18,,2026-09-01T23:03:08.886632+00:00,449.9820,LKR per GBP,business_daily,GBP,,https://www.cbsl.gov.lk/en/rates-and-indicators/exchange-rates/daily-indicative-exchange-rates,"{""inverse_rate"": ""0.0022"", ""latest_group"": ""cbsl_fx"", ""rate_type"": ""indicative""}"
cbsl,gbp_lkr_indicative,GBP/LKR Indicative Exchange Rate,exchange_rate,2026-08-19,,2026-09-02T23:00:30.416043+00:00,449.1675,LKR per GBP,business_daily,GBP,,https://www.cbsl.gov.lk/en/rates-and-indicators/exchange-rates/daily-indicative-exchange-rates,"{""inverse_rate"": ""0.0022"", ""latest_group"": ""cbsl_fx"", ""rate_type"": ""indicative""}"
cbsl,gbp_lkr_indicative,GBP/LKR Indicative Exchange Rate,exchange_rate,2026-08-20,,2026-09-03T22:59:35.465372+00:00,450.6388,LKR per GBP,business_daily,GBP,,https://www.cbsl.gov.lk/en/rates-and-indicators/exchange-rates/daily-indicative-exchange-rates,"{""inverse_rate"": ""0.0022"", ""latest_group"": ""cbsl_fx"", ""rate_type"": ""indicative""}"
cbsl,gbp_lkr_indicative,GBP/LKR Indicative Exchange Rate,exchange_rate,2026-08-21,,2026-09-04T22:48:12.495722+00:00,450.6101,LKR per GBP,business_daily,GBP,,https://www.cbsl.gov.lk/en/rates-and-indicators/exchange-rates/daily-indicative-exchange-rates,"{""inverse_rate"": ""0.0022"", ""latest_group"": ""cbsl_fx"", ""rate_type"": ""indicative""}"
cbsl,gbp_lkr_indicative,GBP/LKR Indicative Exchange Rate,exchange_rate,2026-08-24,,2026-09-07T21:10:09.862582+00:00,449.6932,LKR per GBP,business_daily,GBP,,https://www.cbsl.gov.lk/en/rates-and-indicators/exchange-rates/daily-indicative-exchange-rates,"{""inverse_rate"": ""0.0022"", ""latest_group"": ""cbsl_fx"", ""rate_type"": ""indicative""}"
cbsl,gbp_lkr_indicative,GBP/LKR Indicative Exchange Rate,exchange_rate,2026-08-25,,2026-09-08T03:17:29.629101+00:00,448.6294,LKR per GBP,business_daily,GBP,,https://www.cbsl.gov.lk/en/rates-and-indicators/exchange-rates/daily-indicative-exchange-rates,"{""inverse_rate"": ""0.0022"", ""latest_group"": ""cbsl_fx"", ""rate_type"": ""indicative""}"
cbsl,gbp_lkr_indicative,GBP/LKR Indicative Exchange Rate,exchange_rate,2026-08-28,,2026-09-08T03:17:29.629101+00:00,446.6122,LKR per GBP,business_daily,GBP,,https://www.cbsl.gov.lk/en/rates-and-indicators/exchange-rates/daily-indicative-exchange-rates,"{""inverse_rate"": ""0.0022"", ""latest_group"": ""cbsl_fx"", ""rate_type"": ""indicative""}"
cbsl,gbp_lkr_indicative,GBP/LKR Indicative Exchange Rate,exchange_rate,2026-08-31,,2026-09-08T03:17:29.629101+00:00,444.2962,LKR per GBP,business_daily,GBP,,https://www.cbsl.gov.lk/en/rates-and-indicators/exchange-rates/daily-indicative-exchange-rates,"{""inverse_rate"": ""0.0023"", ""latest_group"": ""cbsl_fx"", ""rate_type"": ""indicative""}"
cbsl,gbp_lkr_indicative,GBP/LKR Indicative Exchange Rate,exchange_rate,2026-09-01,,2026-09-08T03:17:29.629101+00:00,444.1355,LKR per GBP,business_daily,GBP,,https://www.cbsl.gov.lk/en/rates-and-indicators/exchange-rates/daily-indicative-exchange-rates,"{""inverse_rate"": ""0.0023"", ""latest_group"": ""cbsl_fx"", ""rate_type"": ""indicative""}"
cbsl,gbp_lkr_indicative,GBP/LKR Indicative Exchange Rate,exchange_rate,2026-09-02,,2026-09-08T03:17:29.629101+00:00,443.0695,LKR per GBP,business_daily,GBP,,https://www.cbsl.gov.lk/en/rates-and-indicators/exchange-rates/daily-indicative-exchange-rates,"{""inverse_rate"": ""0.0023"", ""latest_group"": ""cbsl_fx"", ""rate_type"": ""indicative""}"
cbsl,gbp_lkr_indicative,GBP/LKR Indicative Exchange Rate,exchange_rate,2026-09-03,,2026-09-08T03:17:29.629101+00:00,443.1680,LKR per GBP,business_daily,GBP,,https://www.cbsl.gov.lk/en/rates-and-indicators/exchange-rates/daily-indicative-exchange-rates,"{""inverse_rate"": ""0.0023"", ""latest_group"": ""cbsl_fx"", ""rate_type"": ""indicative""}"
cbsl,gbp_lkr_indicative,GBP/LKR Indicative Exchange Rate,exchange_rate,2026-09-04,,2026-09-08T03:17:29.629101+00:00,444.3917,LKR per GBP,business_daily,GBP,,https://www.cbsl.gov.lk/en/rates-and-indicators/exchange-rates/daily-indicative-exchange-rates,"{""inverse_rate"": ""0.0023"", ""latest_group"": ""cbsl_fx"", ""rate_type"": ""indicative""}"
cbsl,gbp_lkr_indicative,GBP/LKR Indicative Exchange Rate,exchange_rate,2026-09-07,,2026-09-08T03:17:29.629101+00:00,443.5573,LKR per GBP,business_daily,GBP,,https://www.cbsl.gov.lk/en/rates-and-indicators/exchange-rates/daily-indicative-exchange-rates,"{""inverse_rate"": ""0.0023"", ""latest_group"": ""cbsl_fx"", ""rate_type"": ""indicative""}"
cbsl,gbp_lkr_indicative,GBP/LKR Indicative Exchange Rate,exchange_rate,2026-09-08,,2026-09-08T03:17:29.629101+00:00,444.4292,LKR per GBP,business_daily,GBP,,https://www.cbsl.gov.lk/en/rates-and-indicators/exchange-rates/daily-indicative-exchange-rates,"{""inverse_rate"": ""0.0023"", ""latest_group"": ""cbsl_fx"", ""rate_type"": ""indicative""}"
