source,indicator_code,series_name,category,reference_date,published_at,collected_at,value,unit,frequency,currency,market_scope,source_url,metadata
cbsl,jpy_lkr_indicative,JPY/LKR Indicative Exchange Rate,exchange_rate,2026-03-16,,2026-03-30T21:41:55.540925+00:00,1.9499,LKR per JPY,business_daily,JPY,,https://www.cbsl.gov.lk/en/rates-and-indicators/exchange-rates/daily-indicative-exchange-rates,"{""inverse_rate"": ""0.5128"", ""latest_group"": ""cbsl_fx"", ""rate_type"": ""indicative""}"
cbsl,jpy_lkr_indicative,JPY/LKR Indicative Exchange Rate,exchange_rate,2026-03-17,,2026-03-31T21:39:24.339520+00:00,1.9542,LKR per JPY,business_daily,JPY,,https://www.cbsl.gov.lk/en/rates-and-indicators/exchange-rates/daily-indicative-exchange-rates,"{""inverse_rate"": ""0.5117"", ""latest_group"": ""cbsl_fx"", ""rate_type"": ""indicative""}"
cbsl,jpy_lkr_indicative,JPY/LKR Indicative Exchange Rate,exchange_rate,2026-03-18,,2026-04-01T21:41:47.710797+00:00,1.9583,LKR per JPY,business_daily,JPY,,https://www.cbsl.gov.lk/en/rates-and-indicators/exchange-rates/daily-indicative-exchange-rates,"{""inverse_rate"": ""0.5106"", ""latest_group"": ""cbsl_fx"", ""rate_type"": ""indicative""}"
cbsl,jpy_lkr_indicative,JPY/LKR Indicative Exchange Rate,exchange_rate,2026-03-19,,2026-04-02T21:38:20.272192+00:00,1.9505,LKR per JPY,business_daily,JPY,,https://www.cbsl.gov.lk/en/rates-and-indicators/exchange-rates/daily-indicative-exchange-rates,"{""inverse_rate"": ""0.5127"", ""latest_group"": ""cbsl_fx"", ""rate_type"": ""indicative""}"
cbsl,jpy_lkr_indicative,JPY/LKR Indicative Exchange Rate,exchange_rate,2026-03-20,,2026-04-03T21:34:06.290708+00:00,1.9677,LKR per JPY,business_daily,JPY,,https://www.cbsl.gov.lk/en/rates-and-indicators/exchange-rates/daily-indicative-exchange-rates,"{""inverse_rate"": ""0.5082"", ""latest_group"": ""cbsl_fx"", ""rate_type"": ""indicative""}"
cbsl,jpy_lkr_indicative,JPY/LKR Indicative Exchange Rate,exchange_rate,2026-03-23,,2026-04-06T21:38:11.523186+00:00,1.9551,LKR per JPY,business_daily,JPY,,https://www.cbsl.gov.lk/en/rates-and-indicators/exchange-rates/daily-indicative-exchange-rates,"{""inverse_rate"": ""0.5115"", ""latest_group"": ""cbsl_fx"", ""rate_type"": ""indicative""}"
cbsl,jpy_lkr_indicative,JPY/LKR Indicative Exchange Rate,exchange_rate,2026-03-24,,2026-04-07T21:44:58.811064+00:00,1.9737,LKR per JPY,business_daily,JPY,,https://www.cbsl.gov.lk/en/rates-and-indicators/exchange-rates/daily-indicative-exchange-rates,"{""inverse_rate"": ""0.5067"", ""latest_group"": ""cbsl_fx"", ""rate_type"": ""indicative""}"
cbsl,jpy_lkr_indicative,JPY/LKR Indicative Exchange Rate,exchange_rate,2026-03-25,,2026-04-08T21:41:23.241647+00:00,1.9793,LKR per JPY,business_daily,JPY,,https://www.cbsl.gov.lk/en/rates-and-indicators/exchange-rates/daily-indicative-exchange-rates,"{""inverse_rate"": ""0.5052"", ""latest_group"": ""cbsl_fx"", ""rate_type"": ""indicative""}"
cbsl,jpy_lkr_indicative,JPY/LKR Indicative Exchange Rate,exchange_rate,2026-03-26,,2026-04-09T21:45:41.566202+00:00,1.9659,LKR per JPY,business_daily,JPY,,https://www.cbsl.gov.lk/en/rates-and-indicators/exchange-rates/daily-indicative-exchange-rates,"{""inverse_rate"": ""0.5087"", ""latest_group"": ""cbsl_fx"", ""rate_type"": ""indicative""}"
cbsl,jpy_lkr_indicative,JPY/LKR Indicative Exchange Rate,exchange_rate,2026-03-27,,2026-04-10T21:37:45.921083+00:00,1.9702,LKR per JPY,business_daily,JPY,,https://www.cbsl.gov.lk/en/rates-and-indicators/exchange-rates/daily-indicative-exchange-rates,"{""inverse_rate"": ""0.5076"", ""latest_group"": ""cbsl_fx"", ""rate_type"": ""indicative""}"
cbsl,jpy_lkr_indicative,JPY/LKR Indicative Exchange Rate,exchange_rate,2026-03-30,,2026-04-13T21:50:59.178237+00:00,1.9698,LKR per JPY,business_daily,JPY,,https://www.cbsl.gov.lk/en/rates-and-indicators/exchange-rates/daily-indicative-exchange-rates,"{""inverse_rate"": ""0.5077"", ""latest_group"": ""cbsl_fx"", ""rate_type"": ""indicative""}"
cbsl,jpy_lkr_indicative,JPY/LKR Indicative Exchange Rate,exchange_rate,2026-03-31,,2026-04-14T21:52:49.576347+00:00,1.9739,LKR per JPY,business_daily,JPY,,https://www.cbsl.gov.lk/en/rates-and-indicators/exchange-rates/daily-indicative-exchange-rates,"{""inverse_rate"": ""0.5066"", ""latest_group"": ""cbsl_fx"", ""rate_type"": ""indicative""}"
cbsl,jpy_lkr_indicative,JPY/LKR Indicative Exchange Rate,exchange_rate,2026-04-02,,2026-04-16T21:42:44.424597+00:00,1.9786,LKR per JPY,business_daily,JPY,,https://www.cbsl.gov.lk/en/rates-and-indicators/exchange-rates/daily-indicative-exchange-rates,"{""inverse_rate"": ""0.5054"", ""latest_group"": ""cbsl_fx"", ""rate_type"": ""indicative""}"
cbsl,jpy_lkr_indicative,JPY/LKR Indicative Exchange Rate,exchange_rate,2026-04-06,,2026-04-20T21:47:51.996381+00:00,1.9765,LKR per JPY,business_daily,JPY,,https://www.cbsl.gov.lk/en/rates-and-indicators/exchange-rates/daily-indicative-exchange-rates,"{""inverse_rate"": ""0.5059"", ""latest_group"": ""cbsl_fx"", ""rate_type"": ""indicative""}"
cbsl,jpy_lkr_indicative,JPY/LKR Indicative Exchange Rate,exchange_rate,2026-04-07,,2026-04-21T21:45:59.640736+00:00,1.9733,LKR per JPY,business_daily,JPY,,https://www.cbsl.gov.lk/en/rates-and-indicators/exchange-rates/daily-indicative-exchange-rates,"{""inverse_rate"": ""0.5068"", ""latest_group"": ""cbsl_fx"", ""rate_type"": ""indicative""}"
cbsl,jpy_lkr_indicative,JPY/LKR Indicative Exchange Rate,exchange_rate,2026-04-08,,2026-04-22T21:51:49.316820+00:00,1.9901,LKR per JPY,business_daily,JPY,,https://www.cbsl.gov.lk/en/rates-and-indicators/exchange-rates/daily-indicative-exchange-rates,"{""inverse_rate"": ""0.5025"", ""latest_group"": ""cbsl_fx"", ""rate_type"": ""indicative""}"
cbsl,jpy_lkr_indicative,JPY/LKR Indicative Exchange Rate,exchange_rate,2026-04-09,,2026-04-23T21:45:58.290777+00:00,1.9850,LKR per JPY,business_daily,JPY,,https://www.cbsl.gov.lk/en/rates-and-indicators/exchange-rates/daily-indicative-exchange-rates,"{""inverse_rate"": ""0.5038"", ""latest_group"": ""cbsl_fx"", ""rate_type"": ""indicative""}"
cbsl,jpy_lkr_indicative,JPY/LKR Indicative Exchange Rate,exchange_rate,2026-04-10,,2026-04-24T21:47:46.212955+00:00,1.9823,LKR per JPY,business_daily,JPY,,https://www.cbsl.gov.lk/en/rates-and-indicators/exchange-rates/daily-indicative-exchange-rates,"{""inverse_rate"": ""0.5045"", ""latest_group"": ""cbsl_fx"", ""rate_type"": ""indicative""}"
cbsl,jpy_lkr_indicative,JPY/LKR Indicative Exchange Rate,exchange_rate,2026-04-15,,2026-04-29T21:58:42.381751+00:00,1.9851,LKR per JPY,business_daily,JPY,,https://www.cbsl.gov.lk/en/rates-and-indicators/exchange-rates/daily-indicative-exchange-rates,"{""inverse_rate"": ""0.5038"", ""latest_group"": ""cbsl_fx"", ""rate_type"": ""indicative""}"
cbsl,jpy_lkr_indicative,JPY/LKR Indicative Exchange Rate,exchange_rate,2026-04-16,,2026-04-30T21:56:01.545335+00:00,1.9871,LKR per JPY,business_daily,JPY,,https://www.cbsl.gov.lk/en/rates-and-indicators/exchange-rates/daily-indicative-exchange-rates,"{""inverse_rate"": ""0.5032"", ""latest_group"": ""cbsl_fx"", ""rate_type"": ""indicative""}"
cbsl,jpy_lkr_indicative,JPY/LKR Indicative Exchange Rate,exchange_rate,2026-04-17,,2026-05-01T21:53:11.866527+00:00,1.9808,LKR per JPY,business_daily,JPY,,https://www.cbsl.gov.lk/en/rates-and-indicators/exchange-rates/daily-indicative-exchange-rates,"{""inverse_rate"": ""0.5048"", ""latest_group"": ""cbsl_fx"", ""rate_type"": ""indicative""}"
cbsl,jpy_lkr_indicative,JPY/LKR Indicative Exchange Rate,exchange_rate,2026-04-20,,2026-05-04T22:00:53.833875+00:00,1.9921,LKR per JPY,business_daily,JPY,,https://www.cbsl.gov.lk/en/rates-and-indicators/exchange-rates/daily-indicative-exchange-rates,"{""inverse_rate"": ""0.502"", ""latest_group"": ""cbsl_fx"", ""rate_type"": ""indicative""}"
cbsl,jpy_lkr_indicative,JPY/LKR Indicative Exchange Rate,exchange_rate,2026-04-21,,2026-05-05T22:01:01.555588+00:00,1.9905,LKR per JPY,business_daily,JPY,,https://www.cbsl.gov.lk/en/rates-and-indicators/exchange-rates/daily-indicative-exchange-rates,"{""inverse_rate"": ""0.5024"", ""latest_group"": ""cbsl_fx"", ""rate_type"": ""indicative""}"
cbsl,jpy_lkr_indicative,JPY/LKR Indicative Exchange Rate,exchange_rate,2026-04-22,,2026-05-06T21:57:33.415313+00:00,1.9871,LKR per JPY,business_daily,JPY,,https://www.cbsl.gov.lk/en/rates-and-indicators/exchange-rates/daily-indicative-exchange-rates,"{""inverse_rate"": ""0.5032"", ""latest_group"": ""cbsl_fx"", ""rate_type"": ""indicative""}"
cbsl,jpy_lkr_indicative,JPY/LKR Indicative Exchange Rate,exchange_rate,2026-04-23,,2026-05-07T21:58:14.512773+00:00,1.9861,LKR per JPY,business_daily,JPY,,https://www.cbsl.gov.lk/en/rates-and-indicators/exchange-rates/daily-indicative-exchange-rates,"{""inverse_rate"": ""0.5035"", ""latest_group"": ""cbsl_fx"", ""rate_type"": ""indicative""}"
cbsl,jpy_lkr_indicative,JPY/LKR Indicative Exchange Rate,exchange_rate,2026-04-24,,2026-05-08T21:58:56.901647+00:00,1.9849,LKR per JPY,business_daily,JPY,,https://www.cbsl.gov.lk/en/rates-and-indicators/exchange-rates/daily-indicative-exchange-rates,"{""inverse_rate"": ""0.5038"", ""latest_group"": ""cbsl_fx"", ""rate_type"": ""indicative""}"
cbsl,jpy_lkr_indicative,JPY/LKR Indicative Exchange Rate,exchange_rate,2026-04-27,,2026-05-11T22:07:38.325157+00:00,1.9942,LKR per JPY,business_daily,JPY,,https://www.cbsl.gov.lk/en/rates-and-indicators/exchange-rates/daily-indicative-exchange-rates,"{""inverse_rate"": ""0.5015"", ""latest_group"": ""cbsl_fx"", ""rate_type"": ""indicative""}"
cbsl,jpy_lkr_indicative,JPY/LKR Indicative Exchange Rate,exchange_rate,2026-04-28,,2026-05-12T22:11:38.215775+00:00,1.9931,LKR per JPY,business_daily,JPY,,https://www.cbsl.gov.lk/en/rates-and-indicators/exchange-rates/daily-indicative-exchange-rates,"{""inverse_rate"": ""0.5017"", ""latest_group"": ""cbsl_fx"", ""rate_type"": ""indicative""}"
cbsl,jpy_lkr_indicative,JPY/LKR Indicative Exchange Rate,exchange_rate,2026-04-29,,2026-05-13T22:12:14.854277+00:00,1.9968,LKR per JPY,business_daily,JPY,,https://www.cbsl.gov.lk/en/rates-and-indicators/exchange-rates/daily-indicative-exchange-rates,"{""inverse_rate"": ""0.5008"", ""latest_group"": ""cbsl_fx"", ""rate_type"": ""indicative""}"
cbsl,jpy_lkr_indicative,JPY/LKR Indicative Exchange Rate,exchange_rate,2026-04-30,,2026-05-14T22:11:49.898735+00:00,1.9919,LKR per JPY,business_daily,JPY,,https://www.cbsl.gov.lk/en/rates-and-indicators/exchange-rates/daily-indicative-exchange-rates,"{""inverse_rate"": ""0.502"", ""latest_group"": ""cbsl_fx"", ""rate_type"": ""indicative""}"
cbsl,jpy_lkr_indicative,JPY/LKR Indicative Exchange Rate,exchange_rate,2026-05-04,,2026-05-18T22:02:54.486583+00:00,2.0356,LKR per JPY,business_daily,JPY,,https://www.cbsl.gov.lk/en/rates-and-indicators/exchange-rates/daily-indicative-exchange-rates,"{""inverse_rate"": ""0.4913"", ""latest_group"": ""cbsl_fx"", ""rate_type"": ""indicative""}"
cbsl,jpy_lkr_indicative,JPY/LKR Indicative Exchange Rate,exchange_rate,2026-05-05,,2026-05-19T22:16:42.624098+00:00,2.0323,LKR per JPY,business_daily,JPY,,https://www.cbsl.gov.lk/en/rates-and-indicators/exchange-rates/daily-indicative-exchange-rates,"{""inverse_rate"": ""0.4921"", ""latest_group"": ""cbsl_fx"", ""rate_type"": ""indicative""}"
cbsl,jpy_lkr_indicative,JPY/LKR Indicative Exchange Rate,exchange_rate,2026-05-06,,2026-05-20T22:24:00.735871+00:00,2.0268,LKR per JPY,business_daily,JPY,,https://www.cbsl.gov.lk/en/rates-and-indicators/exchange-rates/daily-indicative-exchange-rates,"{""inverse_rate"": ""0.4934"", ""latest_group"": ""cbsl_fx"", ""rate_type"": ""indicative""}"
cbsl,jpy_lkr_indicative,JPY/LKR Indicative Exchange Rate,exchange_rate,2026-05-07,,2026-05-21T22:19:05.358230+00:00,2.0509,LKR per JPY,business_daily,JPY,,https://www.cbsl.gov.lk/en/rates-and-indicators/exchange-rates/daily-indicative-exchange-rates,"{""inverse_rate"": ""0.4876"", ""latest_group"": ""cbsl_fx"", ""rate_type"": ""indicative""}"
cbsl,jpy_lkr_indicative,JPY/LKR Indicative Exchange Rate,exchange_rate,2026-05-08,,2026-05-22T22:08:04.757365+00:00,2.0495,LKR per JPY,business_daily,JPY,,https://www.cbsl.gov.lk/en/rates-and-indicators/exchange-rates/daily-indicative-exchange-rates,"{""inverse_rate"": ""0.4879"", ""latest_group"": ""cbsl_fx"", ""rate_type"": ""indicative""}"
cbsl,jpy_lkr_indicative,JPY/LKR Indicative Exchange Rate,exchange_rate,2026-05-11,,2026-05-25T22:08:21.566123+00:00,2.0492,LKR per JPY,business_daily,JPY,,https://www.cbsl.gov.lk/en/rates-and-indicators/exchange-rates/daily-indicative-exchange-rates,"{""inverse_rate"": ""0.488"", ""latest_group"": ""cbsl_fx"", ""rate_type"": ""indicative""}"
cbsl,jpy_lkr_indicative,JPY/LKR Indicative Exchange Rate,exchange_rate,2026-05-12,,2026-05-26T22:19:03.580727+00:00,2.0436,LKR per JPY,business_daily,JPY,,https://www.cbsl.gov.lk/en/rates-and-indicators/exchange-rates/daily-indicative-exchange-rates,"{""inverse_rate"": ""0.4893"", ""latest_group"": ""cbsl_fx"", ""rate_type"": ""indicative""}"
cbsl,jpy_lkr_indicative,JPY/LKR Indicative Exchange Rate,exchange_rate,2026-05-13,,2026-05-27T22:40:54.143613+00:00,2.0439,LKR per JPY,business_daily,JPY,,https://www.cbsl.gov.lk/en/rates-and-indicators/exchange-rates/daily-indicative-exchange-rates,"{""inverse_rate"": ""0.4893"", ""latest_group"": ""cbsl_fx"", ""rate_type"": ""indicative""}"
cbsl,jpy_lkr_indicative,JPY/LKR Indicative Exchange Rate,exchange_rate,2026-05-14,,2026-05-28T22:41:25.386930+00:00,2.0514,LKR per JPY,business_daily,JPY,,https://www.cbsl.gov.lk/en/rates-and-indicators/exchange-rates/daily-indicative-exchange-rates,"{""inverse_rate"": ""0.4875"", ""latest_group"": ""cbsl_fx"", ""rate_type"": ""indicative""}"
cbsl,jpy_lkr_indicative,JPY/LKR Indicative Exchange Rate,exchange_rate,2026-05-15,,2026-05-29T22:28:36.910016+00:00,2.0486,LKR per JPY,business_daily,JPY,,https://www.cbsl.gov.lk/en/rates-and-indicators/exchange-rates/daily-indicative-exchange-rates,"{""inverse_rate"": ""0.4881"", ""latest_group"": ""cbsl_fx"", ""rate_type"": ""indicative""}"
cbsl,jpy_lkr_indicative,JPY/LKR Indicative Exchange Rate,exchange_rate,2026-05-18,,2026-06-01T21:33:04.378317+00:00,2.0491,LKR per JPY,business_daily,JPY,,https://www.cbsl.gov.lk/en/rates-and-indicators/exchange-rates/daily-indicative-exchange-rates,"{""inverse_rate"": ""0.488"", ""latest_group"": ""cbsl_fx"", ""rate_type"": ""indicative""}"
cbsl,jpy_lkr_indicative,JPY/LKR Indicative Exchange Rate,exchange_rate,2026-05-19,,2026-06-02T23:02:53.722009+00:00,2.0564,LKR per JPY,business_daily,JPY,,https://www.cbsl.gov.lk/en/rates-and-indicators/exchange-rates/daily-indicative-exchange-rates,"{""inverse_rate"": ""0.4863"", ""latest_group"": ""cbsl_fx"", ""rate_type"": ""indicative""}"
cbsl,jpy_lkr_indicative,JPY/LKR Indicative Exchange Rate,exchange_rate,2026-05-20,,2026-06-03T23:05:40.554357+00:00,2.0647,LKR per JPY,business_daily,JPY,,https://www.cbsl.gov.lk/en/rates-and-indicators/exchange-rates/daily-indicative-exchange-rates,"{""inverse_rate"": ""0.4843"", ""latest_group"": ""cbsl_fx"", ""rate_type"": ""indicative""}"
cbsl,jpy_lkr_indicative,JPY/LKR Indicative Exchange Rate,exchange_rate,2026-05-21,,2026-06-04T22:21:31.238044+00:00,2.0742,LKR per JPY,business_daily,JPY,,https://www.cbsl.gov.lk/en/rates-and-indicators/exchange-rates/daily-indicative-exchange-rates,"{""inverse_rate"": ""0.4821"", ""latest_group"": ""cbsl_fx"", ""rate_type"": ""indicative""}"
cbsl,jpy_lkr_indicative,JPY/LKR Indicative Exchange Rate,exchange_rate,2026-05-22,,2026-06-05T22:14:40.323696+00:00,2.0995,LKR per JPY,business_daily,JPY,,https://www.cbsl.gov.lk/en/rates-and-indicators/exchange-rates/daily-indicative-exchange-rates,"{""inverse_rate"": ""0.4763"", ""latest_group"": ""cbsl_fx"", ""rate_type"": ""indicative""}"
cbsl,jpy_lkr_indicative,JPY/LKR Indicative Exchange Rate,exchange_rate,2026-05-25,,2026-06-08T22:26:58.587223+00:00,2.1208,LKR per JPY,business_daily,JPY,,https://www.cbsl.gov.lk/en/rates-and-indicators/exchange-rates/daily-indicative-exchange-rates,"{""inverse_rate"": ""0.4715"", ""latest_group"": ""cbsl_fx"", ""rate_type"": ""indicative""}"
cbsl,jpy_lkr_indicative,JPY/LKR Indicative Exchange Rate,exchange_rate,2026-05-26,,2026-06-09T22:23:49.916816+00:00,2.0454,LKR per JPY,business_daily,JPY,,https://www.cbsl.gov.lk/en/rates-and-indicators/exchange-rates/daily-indicative-exchange-rates,"{""inverse_rate"": ""0.4889"", ""latest_group"": ""cbsl_fx"", ""rate_type"": ""indicative""}"
cbsl,jpy_lkr_indicative,JPY/LKR Indicative Exchange Rate,exchange_rate,2026-05-27,,2026-06-10T22:50:55.263525+00:00,2.0279,LKR per JPY,business_daily,JPY,,https://www.cbsl.gov.lk/en/rates-and-indicators/exchange-rates/daily-indicative-exchange-rates,"{""inverse_rate"": ""0.4931"", ""latest_group"": ""cbsl_fx"", ""rate_type"": ""indicative""}"
cbsl,jpy_lkr_indicative,JPY/LKR Indicative Exchange Rate,exchange_rate,2026-05-29,,2026-06-12T22:25:01.042754+00:00,2.0579,LKR per JPY,business_daily,JPY,,https://www.cbsl.gov.lk/en/rates-and-indicators/exchange-rates/daily-indicative-exchange-rates,"{""inverse_rate"": ""0.4859"", ""latest_group"": ""cbsl_fx"", ""rate_type"": ""indicative""}"
cbsl,jpy_lkr_indicative,JPY/LKR Indicative Exchange Rate,exchange_rate,2026-06-01,,2026-06-15T23:02:44.145539+00:00,2.0645,LKR per JPY,business_daily,JPY,,https://www.cbsl.gov.lk/en/rates-and-indicators/exchange-rates/daily-indicative-exchange-rates,"{""inverse_rate"": ""0.4844"", ""latest_group"": ""cbsl_fx"", ""rate_type"": ""indicative""}"
cbsl,jpy_lkr_indicative,JPY/LKR Indicative Exchange Rate,exchange_rate,2026-06-02,,2026-06-16T22:52:51.556520+00:00,2.0764,LKR per JPY,business_daily,JPY,,https://www.cbsl.gov.lk/en/rates-and-indicators/exchange-rates/daily-indicative-exchange-rates,"{""inverse_rate"": ""0.4816"", ""latest_group"": ""cbsl_fx"", ""rate_type"": ""indicative""}"
cbsl,jpy_lkr_indicative,JPY/LKR Indicative Exchange Rate,exchange_rate,2026-06-03,,2026-06-17T22:45:18.281147+00:00,2.0778,LKR per JPY,business_daily,JPY,,https://www.cbsl.gov.lk/en/rates-and-indicators/exchange-rates/daily-indicative-exchange-rates,"{""inverse_rate"": ""0.4813"", ""latest_group"": ""cbsl_fx"", ""rate_type"": ""indicative""}"
cbsl,jpy_lkr_indicative,JPY/LKR Indicative Exchange Rate,exchange_rate,2026-06-04,,2026-06-18T22:55:44.841018+00:00,2.0927,LKR per JPY,business_daily,JPY,,https://www.cbsl.gov.lk/en/rates-and-indicators/exchange-rates/daily-indicative-exchange-rates,"{""inverse_rate"": ""0.4779"", ""latest_group"": ""cbsl_fx"", ""rate_type"": ""indicative""}"
cbsl,jpy_lkr_indicative,JPY/LKR Indicative Exchange Rate,exchange_rate,2026-06-05,,2026-06-19T22:03:59.711100+00:00,2.1014,LKR per JPY,business_daily,JPY,,https://www.cbsl.gov.lk/en/rates-and-indicators/exchange-rates/daily-indicative-exchange-rates,"{""inverse_rate"": ""0.4759"", ""latest_group"": ""cbsl_fx"", ""rate_type"": ""indicative""}"
cbsl,jpy_lkr_indicative,JPY/LKR Indicative Exchange Rate,exchange_rate,2026-06-08,,2026-06-22T22:47:36.038711+00:00,2.0979,LKR per JPY,business_daily,JPY,,https://www.cbsl.gov.lk/en/rates-and-indicators/exchange-rates/daily-indicative-exchange-rates,"{""inverse_rate"": ""0.4767"", ""latest_group"": ""cbsl_fx"", ""rate_type"": ""indicative""}"
cbsl,jpy_lkr_indicative,JPY/LKR Indicative Exchange Rate,exchange_rate,2026-06-09,,2026-06-23T22:13:16.031903+00:00,2.1026,LKR per JPY,business_daily,JPY,,https://www.cbsl.gov.lk/en/rates-and-indicators/exchange-rates/daily-indicative-exchange-rates,"{""inverse_rate"": ""0.4756"", ""latest_group"": ""cbsl_fx"", ""rate_type"": ""indicative""}"
cbsl,jpy_lkr_indicative,JPY/LKR Indicative Exchange Rate,exchange_rate,2026-06-10,,2026-06-24T22:17:35.390484+00:00,2.1056,LKR per JPY,business_daily,JPY,,https://www.cbsl.gov.lk/en/rates-and-indicators/exchange-rates/daily-indicative-exchange-rates,"{""inverse_rate"": ""0.4749"", ""latest_group"": ""cbsl_fx"", ""rate_type"": ""indicative""}"
cbsl,jpy_lkr_indicative,JPY/LKR Indicative Exchange Rate,exchange_rate,2026-06-11,,2026-06-25T22:21:02.171149+00:00,2.0622,LKR per JPY,business_daily,JPY,,https://www.cbsl.gov.lk/en/rates-and-indicators/exchange-rates/daily-indicative-exchange-rates,"{""inverse_rate"": ""0.4849"", ""latest_group"": ""cbsl_fx"", ""rate_type"": ""indicative""}"
cbsl,jpy_lkr_indicative,JPY/LKR Indicative Exchange Rate,exchange_rate,2026-06-12,,2026-06-26T22:13:02.819866+00:00,2.0798,LKR per JPY,business_daily,JPY,,https://www.cbsl.gov.lk/en/rates-and-indicators/exchange-rates/daily-indicative-exchange-rates,"{""inverse_rate"": ""0.4808"", ""latest_group"": ""cbsl_fx"", ""rate_type"": ""indicative""}"
cbsl,jpy_lkr_indicative,JPY/LKR Indicative Exchange Rate,exchange_rate,2026-06-15,,2026-06-29T22:07:54.191585+00:00,2.0989,LKR per JPY,business_daily,JPY,,https://www.cbsl.gov.lk/en/rates-and-indicators/exchange-rates/daily-indicative-exchange-rates,"{""inverse_rate"": ""0.4764"", ""latest_group"": ""cbsl_fx"", ""rate_type"": ""indicative""}"
cbsl,jpy_lkr_indicative,JPY/LKR Indicative Exchange Rate,exchange_rate,2026-06-16,,2026-06-30T22:15:02.784489+00:00,2.0705,LKR per JPY,business_daily,JPY,,https://www.cbsl.gov.lk/en/rates-and-indicators/exchange-rates/daily-indicative-exchange-rates,"{""inverse_rate"": ""0.483"", ""latest_group"": ""cbsl_fx"", ""rate_type"": ""indicative""}"
cbsl,jpy_lkr_indicative,JPY/LKR Indicative Exchange Rate,exchange_rate,2026-06-17,,2026-07-01T22:17:19.126891+00:00,2.0868,LKR per JPY,business_daily,JPY,,https://www.cbsl.gov.lk/en/rates-and-indicators/exchange-rates/daily-indicative-exchange-rates,"{""inverse_rate"": ""0.4792"", ""latest_group"": ""cbsl_fx"", ""rate_type"": ""indicative""}"
cbsl,jpy_lkr_indicative,JPY/LKR Indicative Exchange Rate,exchange_rate,2026-06-18,,2026-07-02T22:05:58.253435+00:00,2.0793,LKR per JPY,business_daily,JPY,,https://www.cbsl.gov.lk/en/rates-and-indicators/exchange-rates/daily-indicative-exchange-rates,"{""inverse_rate"": ""0.4809"", ""latest_group"": ""cbsl_fx"", ""rate_type"": ""indicative""}"
cbsl,jpy_lkr_indicative,JPY/LKR Indicative Exchange Rate,exchange_rate,2026-06-19,,2026-07-03T22:04:09.812403+00:00,2.0740,LKR per JPY,business_daily,JPY,,https://www.cbsl.gov.lk/en/rates-and-indicators/exchange-rates/daily-indicative-exchange-rates,"{""inverse_rate"": ""0.4822"", ""latest_group"": ""cbsl_fx"", ""rate_type"": ""indicative""}"
cbsl,jpy_lkr_indicative,JPY/LKR Indicative Exchange Rate,exchange_rate,2026-06-22,,2026-07-06T22:13:30.666828+00:00,2.0659,LKR per JPY,business_daily,JPY,,https://www.cbsl.gov.lk/en/rates-and-indicators/exchange-rates/daily-indicative-exchange-rates,"{""inverse_rate"": ""0.4841"", ""latest_group"": ""cbsl_fx"", ""rate_type"": ""indicative""}"
cbsl,jpy_lkr_indicative,JPY/LKR Indicative Exchange Rate,exchange_rate,2026-06-23,,2026-07-07T22:10:52.957568+00:00,2.0707,LKR per JPY,business_daily,JPY,,https://www.cbsl.gov.lk/en/rates-and-indicators/exchange-rates/daily-indicative-exchange-rates,"{""inverse_rate"": ""0.4829"", ""latest_group"": ""cbsl_fx"", ""rate_type"": ""indicative""}"
cbsl,jpy_lkr_indicative,JPY/LKR Indicative Exchange Rate,exchange_rate,2026-06-24,,2026-07-08T22:05:21.700392+00:00,2.0721,LKR per JPY,business_daily,JPY,,https://www.cbsl.gov.lk/en/rates-and-indicators/exchange-rates/daily-indicative-exchange-rates,"{""inverse_rate"": ""0.4826"", ""latest_group"": ""cbsl_fx"", ""rate_type"": ""indicative""}"
cbsl,jpy_lkr_indicative,JPY/LKR Indicative Exchange Rate,exchange_rate,2026-06-25,,2026-07-09T22:27:41.223110+00:00,2.0817,LKR per JPY,business_daily,JPY,,https://www.cbsl.gov.lk/en/rates-and-indicators/exchange-rates/daily-indicative-exchange-rates,"{""inverse_rate"": ""0.4804"", ""latest_group"": ""cbsl_fx"", ""rate_type"": ""indicative""}"
cbsl,jpy_lkr_indicative,JPY/LKR Indicative Exchange Rate,exchange_rate,2026-06-26,,2026-07-10T22:02:31.098220+00:00,2.0830,LKR per JPY,business_daily,JPY,,https://www.cbsl.gov.lk/en/rates-and-indicators/exchange-rates/daily-indicative-exchange-rates,"{""inverse_rate"": ""0.4801"", ""latest_group"": ""cbsl_fx"", ""rate_type"": ""indicative""}"
cbsl,jpy_lkr_indicative,JPY/LKR Indicative Exchange Rate,exchange_rate,2026-06-30,,2026-07-14T21:57:28.966793+00:00,2.0762,LKR per JPY,business_daily,JPY,,https://www.cbsl.gov.lk/en/rates-and-indicators/exchange-rates/daily-indicative-exchange-rates,"{""inverse_rate"": ""0.4816"", ""latest_group"": ""cbsl_fx"", ""rate_type"": ""indicative""}"
cbsl,jpy_lkr_indicative,JPY/LKR Indicative Exchange Rate,exchange_rate,2026-07-01,,2026-07-15T22:00:08.539654+00:00,2.0663,LKR per JPY,business_daily,JPY,,https://www.cbsl.gov.lk/en/rates-and-indicators/exchange-rates/daily-indicative-exchange-rates,"{""inverse_rate"": ""0.484"", ""latest_group"": ""cbsl_fx"", ""rate_type"": ""indicative""}"
cbsl,jpy_lkr_indicative,JPY/LKR Indicative Exchange Rate,exchange_rate,2026-07-02,,2026-07-16T22:03:30.185168+00:00,2.0692,LKR per JPY,business_daily,JPY,,https://www.cbsl.gov.lk/en/rates-and-indicators/exchange-rates/daily-indicative-exchange-rates,"{""inverse_rate"": ""0.4833"", ""latest_group"": ""cbsl_fx"", ""rate_type"": ""indicative""}"
cbsl,jpy_lkr_indicative,JPY/LKR Indicative Exchange Rate,exchange_rate,2026-07-03,,2026-07-17T21:53:59.121362+00:00,2.0852,LKR per JPY,business_daily,JPY,,https://www.cbsl.gov.lk/en/rates-and-indicators/exchange-rates/daily-indicative-exchange-rates,"{""inverse_rate"": ""0.4796"", ""latest_group"": ""cbsl_fx"", ""rate_type"": ""indicative""}"
cbsl,jpy_lkr_indicative,JPY/LKR Indicative Exchange Rate,exchange_rate,2026-07-06,,2026-07-20T21:59:36.379386+00:00,2.0720,LKR per JPY,business_daily,JPY,,https://www.cbsl.gov.lk/en/rates-and-indicators/exchange-rates/daily-indicative-exchange-rates,"{""inverse_rate"": ""0.4826"", ""latest_group"": ""cbsl_fx"", ""rate_type"": ""indicative""}"
cbsl,jpy_lkr_indicative,JPY/LKR Indicative Exchange Rate,exchange_rate,2026-07-07,,2026-07-21T22:03:16.201583+00:00,2.0687,LKR per JPY,business_daily,JPY,,https://www.cbsl.gov.lk/en/rates-and-indicators/exchange-rates/daily-indicative-exchange-rates,"{""inverse_rate"": ""0.4834"", ""latest_group"": ""cbsl_fx"", ""rate_type"": ""indicative""}"
cbsl,jpy_lkr_indicative,JPY/LKR Indicative Exchange Rate,exchange_rate,2026-07-08,,2026-07-22T22:03:12.927321+00:00,2.0612,LKR per JPY,business_daily,JPY,,https://www.cbsl.gov.lk/en/rates-and-indicators/exchange-rates/daily-indicative-exchange-rates,"{""inverse_rate"": ""0.4852"", ""latest_group"": ""cbsl_fx"", ""rate_type"": ""indicative""}"
cbsl,jpy_lkr_indicative,JPY/LKR Indicative Exchange Rate,exchange_rate,2026-07-09,,2026-07-23T22:03:35.129154+00:00,2.0647,LKR per JPY,business_daily,JPY,,https://www.cbsl.gov.lk/en/rates-and-indicators/exchange-rates/daily-indicative-exchange-rates,"{""inverse_rate"": ""0.4843"", ""latest_group"": ""cbsl_fx"", ""rate_type"": ""indicative""}"
cbsl,jpy_lkr_indicative,JPY/LKR Indicative Exchange Rate,exchange_rate,2026-07-10,,2026-07-24T08:26:54.718765+00:00,2.0834,LKR per JPY,business_daily,JPY,,https://www.cbsl.gov.lk/en/rates-and-indicators/exchange-rates/daily-indicative-exchange-rates,"{""inverse_rate"": ""0.48"", ""latest_group"": ""cbsl_fx"", ""rate_type"": ""indicative""}"
cbsl,jpy_lkr_indicative,JPY/LKR Indicative Exchange Rate,exchange_rate,2026-07-13,,2026-07-24T08:26:54.718765+00:00,2.0718,LKR per JPY,business_daily,JPY,,https://www.cbsl.gov.lk/en/rates-and-indicators/exchange-rates/daily-indicative-exchange-rates,"{""inverse_rate"": ""0.4827"", ""latest_group"": ""cbsl_fx"", ""rate_type"": ""indicative""}"
cbsl,jpy_lkr_indicative,JPY/LKR Indicative Exchange Rate,exchange_rate,2026-07-14,,2026-07-24T08:26:54.718765+00:00,2.0710,LKR per JPY,business_daily,JPY,,https://www.cbsl.gov.lk/en/rates-and-indicators/exchange-rates/daily-indicative-exchange-rates,"{""inverse_rate"": ""0.4829"", ""latest_group"": ""cbsl_fx"", ""rate_type"": ""indicative""}"
cbsl,jpy_lkr_indicative,JPY/LKR Indicative Exchange Rate,exchange_rate,2026-07-15,,2026-07-24T08:26:54.718765+00:00,2.0744,LKR per JPY,business_daily,JPY,,https://www.cbsl.gov.lk/en/rates-and-indicators/exchange-rates/daily-indicative-exchange-rates,"{""inverse_rate"": ""0.4821"", ""latest_group"": ""cbsl_fx"", ""rate_type"": ""indicative""}"
cbsl,jpy_lkr_indicative,JPY/LKR Indicative Exchange Rate,exchange_rate,2026-07-16,,2026-07-24T08:26:54.718765+00:00,2.0752,LKR per JPY,business_daily,JPY,,https://www.cbsl.gov.lk/en/rates-and-indicators/exchange-rates/daily-indicative-exchange-rates,"{""inverse_rate"": ""0.4819"", ""latest_group"": ""cbsl_fx"", ""rate_type"": ""indicative""}"
cbsl,jpy_lkr_indicative,JPY/LKR Indicative Exchange Rate,exchange_rate,2026-07-17,,2026-07-24T08:26:54.718765+00:00,2.0705,LKR per JPY,business_daily,JPY,,https://www.cbsl.gov.lk/en/rates-and-indicators/exchange-rates/daily-indicative-exchange-rates,"{""inverse_rate"": ""0.483"", ""latest_group"": ""cbsl_fx"", ""rate_type"": ""indicative""}"
cbsl,jpy_lkr_indicative,JPY/LKR Indicative Exchange Rate,exchange_rate,2026-07-20,,2026-07-24T08:26:54.718765+00:00,2.0712,LKR per JPY,business_daily,JPY,,https://www.cbsl.gov.lk/en/rates-and-indicators/exchange-rates/daily-indicative-exchange-rates,"{""inverse_rate"": ""0.4828"", ""latest_group"": ""cbsl_fx"", ""rate_type"": ""indicative""}"
cbsl,jpy_lkr_indicative,JPY/LKR Indicative Exchange Rate,exchange_rate,2026-07-21,,2026-07-24T08:26:54.718765+00:00,2.0693,LKR per JPY,business_daily,JPY,,https://www.cbsl.gov.lk/en/rates-and-indicators/exchange-rates/daily-indicative-exchange-rates,"{""inverse_rate"": ""0.4833"", ""latest_group"": ""cbsl_fx"", ""rate_type"": ""indicative""}"
cbsl,jpy_lkr_indicative,JPY/LKR Indicative Exchange Rate,exchange_rate,2026-07-22,,2026-07-24T08:26:54.718765+00:00,2.0622,LKR per JPY,business_daily,JPY,,https://www.cbsl.gov.lk/en/rates-and-indicators/exchange-rates/daily-indicative-exchange-rates,"{""inverse_rate"": ""0.4849"", ""latest_group"": ""cbsl_fx"", ""rate_type"": ""indicative""}"
cbsl,jpy_lkr_indicative,JPY/LKR Indicative Exchange Rate,exchange_rate,2026-07-23,,2026-07-24T08:26:54.718765+00:00,2.0630,LKR per JPY,business_daily,JPY,,https://www.cbsl.gov.lk/en/rates-and-indicators/exchange-rates/daily-indicative-exchange-rates,"{""inverse_rate"": ""0.4847"", ""latest_group"": ""cbsl_fx"", ""rate_type"": ""indicative""}"
cbsl,jpy_lkr_indicative,JPY/LKR Indicative Exchange Rate,exchange_rate,2026-07-24,,2026-07-24T08:26:54.718765+00:00,2.0531,LKR per JPY,business_daily,JPY,,https://www.cbsl.gov.lk/en/rates-and-indicators/exchange-rates/daily-indicative-exchange-rates,"{""inverse_rate"": ""0.4871"", ""latest_group"": ""cbsl_fx"", ""rate_type"": ""indicative""}"
